0.9035135507583618164062500
0.8826590180397033691406250
0.8623661398887634277343750
0.8426150679588317871093750
0.8233879208564758300781250
0.8046685457229614257812500
0.7864431738853454589843750
0.7686999440193176269531250
0.7514242529869079589843750
0.7345988750457763671875000
0.7182073593139648437500000
0.7022475004196166992187500
0.6866975426673889160156250
0.6715473532676696777343750
0.6567805409431457519531250
0.6424004435539245605468750
0.6283826231956481933593750
0.6147134304046630859375000
0.6014007329940795898437500
0.5884141325950622558593750
0.5757584571838378906250000
0.5634205937385559082031250
0.5513885021209716796875000
0.5396524667739868164062500
0.5282103419303894042968750
0.5170493721961975097656250
0.5061633586883544921875000
0.4955404400825500488281250
0.4851804971694946289062500
0.4750688076019287109375000
0.4652048945426940917968750
0.4555764496326446533203125
0.4461826980113983154296875
0.4370149970054626464843750
0.4280643761157989501953125
0.4193245470523834228515625
0.4107943177223205566406250
0.4024658203125000000000000
0.3943363428115844726562500
0.3863896131515502929687500
0.3786403834819793701171875
0.3710639774799346923828125
0.3636654019355773925781250
0.3564416170120239257812500
0.3493797481060028076171875
0.3424798548221588134765625
0.3357441425323486328125000
0.3291587233543395996093750
0.3227269351482391357421875
0.3164382576942443847656250
0.3102944791316986083984375
0.3042854964733123779296875
0.2984152436256408691406250
0.2926748394966125488281250
0.2870659530162811279296875
0.2815788090229034423828125
0.2762121260166168212890625
0.2709674239158630371093750
0.2658354938030242919921875
0.2608206272125244140625000
0.2559133768081665039062500
0.2511136829853057861328125
0.2464185059070587158203125
0.2418262213468551635742188
0.2373351603746414184570313
0.2329421490430831909179688
0.2286387830972671508789063
0.2244277149438858032226563
0.2203100323677062988281250
0.2162779122591018676757813
0.2123331874608993530273438
0.2084724009037017822265625
0.2046928107738494873046875
0.2009931206703186035156250
0.1973720490932464599609375
0.1938252002000808715820313
0.1903534680604934692382813
0.1869531571865081787109375
0.1836259365081787109375000
0.1803649067878723144531250
0.1771728396415710449218750
0.1740443408489227294921875
0.1709824800491333007812500
0.1679818183183670043945313
0.1650426983833312988281250
0.1621638834476470947265625
0.1593437045812606811523438
0.1565796732902526855468750
0.1538705080747604370117188
0.1512168198823928833007813
0.1486176848411560058593750
0.1460697054862976074218750
0.1435723006725311279296875
0.1411248147487640380859375
0.1387266367673873901367188
0.1363726705312728881835938
0.1340682953596115112304688
0.1318091899156570434570313
0.1295921802520751953125000
0.1274198293685913085937500
0.1252909600734710693359375
0.1232019588351249694824219
0.1211532950401306152343750
0.1191466450691223144531250
0.1171762645244598388671875
0.1152446419000625610351563
0.1133505105972290039062500
0.1114909872412681579589844
0.1096676811575889587402344
0.1078801602125167846679688
0.1061262935400009155273438
0.1044039055705070495605469
0.1027154624462127685546875
0.1010579243302345275878906
0.0994329303503036499023438
0.0978373959660530090332031
0.0962712168693542480468750
0.0947355628013610839843750
0.0932273268699645996093750
0.0917476639151573181152344
0.0902942717075347900390625
0.0888689756393432617187500
0.0874687731266021728515625
0.0860944017767906188964844
0.0847458913922309875488281
0.0834222063422203063964844
0.0821209698915481567382813
0.0808452963829040527343750
0.0795910209417343139648438
0.0783601328730583190917969
0.0771517753601074218750000
0.0759641677141189575195313
0.0747984275221824645996094
0.0736534371972084045410156
0.0725285112857818603515625
0.0714238435029983520507813
0.0703387632966041564941406
0.0692734569311141967773438
0.0682263076305389404296875
0.0671968236565589904785156
0.0661867782473564147949219
0.0651929453015327453613281
0.0642186850309371948242188
0.0632591545581817626953125
0.0623174868524074554443359
0.0613917857408523559570313
0.0604824461042881011962891
0.0595882236957550048828125
0.0587090589106082916259766
0.0578457936644554138183594
0.0569976381957530975341797
0.0561638176441192626953125
0.0553432963788509368896484
0.0545369014143943786621094
0.0537445507943630218505859
0.0529656596481800079345703
0.0521998964250087738037109
0.0514468997716903686523438
0.0507063269615173339843750
0.0499782972037792205810547
0.0492631681263446807861328
0.0485591441392898559570313
0.0478663332760334014892578
0.0471860505640506744384766
0.0465172044932842254638672
0.0458582080900669097900391
0.0452113412320613861083984
0.0445739217102527618408203
0.0439478643238544464111328
0.0433313250541687011718750
0.0427253730595111846923828
0.0421289987862110137939453
0.0415421724319458007812500
0.0409654788672924041748047
0.0403977707028388977050781
0.0398391298949718475341797
0.0392895266413688659667969
0.0387491583824157714843750
0.0382171161472797393798828
0.0376933515071868896484375
0.0371779389679431915283203
0.0366709604859352111816406
0.0361717306077480316162109
0.0356809571385383605957031
0.0351979583501815795898438
0.0347220338881015777587891
0.0342533849179744720458984
0.0337928421795368194580078
0.0333391949534416198730469
0.0328925102949142456054688
0.0324532352387905120849609
0.0320198908448219299316406
0.0315942093729972839355469
0.0311744492501020431518555
0.0307618267834186553955078
0.0303552411496639251708984
0.0299544818699359893798828
0.0295607764273881912231445
0.0291722267866134643554688
0.0287907123565673828125000
0.0284135360270738601684570
0.0280428454279899597167969
0.0276779029518365859985352
0.0273184981197118759155273
0.0269646737724542617797852
0.0266159530729055404663086
0.0262723769992589950561523
0.0259338598698377609252930
0.0256008431315422058105469
0.0252727065235376358032227
0.0249493587762117385864258
0.0246307067573070526123047
0.0243166536092758178710938
0.0240076482295989990234375
0.0237030535936355590820313
0.0234027709811925888061523
0.0231075193732976913452148
0.0228161159902811050415039
0.0225290004163980484008789
0.0222464837133884429931641
0.0219675097614526748657227
0.0216930005699396133422852
0.0214221663773059844970703
0.0211555212736129760742188
0.0208928957581520080566406
0.0206335559487342834472656
0.0203785058110952377319336
0.0201268773525953292846680
0.0198786947876214981079102
0.0196343399584293365478516
0.0193933527916669845581055
0.0191557612270116806030273
0.0189218055456876754760742
0.0186910200864076614379883
0.0184632912278175354003906
0.0182392112910747528076172
0.0180182401090860366821289
0.0178004764020442962646484
0.0175851620733737945556641
0.0173731744289398193359375
0.0171642526984214782714844
0.0169583540409803390502930
0.0167554989457130432128906
0.0165549200028181076049805
0.0163574330508708953857422
0.0161629151552915573120117
0.0159708838909864425659180
0.0157812908291816711425781
0.0155948018655180931091309
0.0154103562235832214355469
0.0152286961674690246582031
0.0150493346154689788818359
0.0148728005588054656982422
0.0146985314786434173583984
0.0145263960584998130798340
0.0143568553030490875244141
0.0141173992305994033813477
0.0137915471568703651428223
0.0134744709357619285583496
0.0131658604368567466735840
0.0128654362633824348449707
0.0125729460269212722778320
0.0122881745919585227966309
0.0120109366253018379211426
0.0117410039529204368591309
0.0114781074225902557373047
0.0112219899892807006835938
0.0109726171940565109252930
0.0107296491041779518127441
0.0104929273948073387145996
0.0102621959522366523742676
0.0100375069305300712585449
0.0098184784874320030212402
0.0096048973500728607177734
0.0093968864530324935913086
0.0091939708217978477478027
0.0089962258934974670410156
0.0088034467771649360656738
0.0086154453456401824951172
0.0084320697933435440063477
0.0082532865926623344421387
0.0080788964405655860900879
0.0079088024795055389404297
0.0077428193762898445129395
0.0075809452682733535766602
0.0074229501187801361083984
0.0072688264772295951843262
0.0071183820255100727081299
0.0069716046564280986785889
0.0068283593282103538513184
0.0066885058768093585968018
0.0065519460476934909820557
0.0064186612144112586975098
0.0062885284423828125000000
0.0061615053564310073852539
0.0060373377054929733276367
0.0059162559919059276580811
0.0057978746481239795684814
0.0056822719052433967590332
0.0055694002658128738403320
0.0054590585641562938690186
0.0053512477315962314605713
0.0052460022270679473876953
0.0051431050524115562438965
0.0050426083616912364959717
0.0049443477764725685119629
0.0048483512364327907562256
0.0047544608823955059051514
0.0046627381816506385803223
0.0045730443671345710754395
0.0044854055158793926239014
0.0043996688909828662872314
0.0043158144690096378326416
0.0042338659986853599548340
0.0041536795906722545623779
0.0040753223001956939697266
0.0039986465126276016235352
0.0039236512966454029083252
0.0038502891547977924346924
0.0037785347085446119308472
0.0037083618808537721633911
0.0036397210787981748580933
0.0035724809858947992324829
0.0035066830459982156753540
0.0034423442557454109191895
0.0033793423790484666824341
0.0033177060540765523910522
0.0032573812641203403472900
0.0031983251683413982391357
0.0031405175104737281799316
0.0030839382670819759368896
0.0030285187531262636184692
0.0029742729384452104568481
0.0029211430810391902923584
0.0028691552579402923583984
0.0028182016685605049133301
0.0027683256193995475769043
0.0027194428257644176483154
0.0026716012507677078247070
0.0026247159112244844436646
0.0025787921622395515441895
0.0025338106788694858551025
0.0024897453840821981430054
0.0024465573951601982116699
0.0024042266886681318283081
0.0023627628106623888015747
0.0023221513256430625915527
0.0022823391482234001159668
0.0022433171980082988739014
0.0022050752304494380950928
0.0021676036994904279708862
0.0021308229770511388778687
0.0020948171149939298629761
0.0020595185924321413040161
0.0020248778164386749267578
0.0019909348338842391967773
0.0019576712511479854583740
0.0019250306067988276481628
0.0018930202350020408630371
0.0018616663292050361633301
0.0018308791331946849822998
0.0018006975296884775161743
0.0017711017280817031860352
0.0017420466756448149681091
0.0017135575180873274803162
0.0016856275033205747604370
0.0016582233365625143051147
0.0016313110245391726493835
0.0016049291007220745086670
0.0015790300676599144935608
0.0015536395367234945297241
0.0015287093119695782661438
0.0015042377635836601257324
0.0014802431687712669372559
0.0014566769823431968688965
0.0014335572486743330955505
0.0014108479954302310943604
0.0013885777443647384643555
0.0013666995801031589508057
0.0013452250277623534202576
0.0013241545530036091804504
0.0013034719740971922874451
0.0012831401545554399490356
0.0012632077559828758239746
0.0012436097022145986557007
0.0012243770761415362358093
0.0012054964900016784667969
0.0011869401205331087112427
0.0011687254300341010093689
0.0011508349562063813209534
0.0011332579888403415679932
0.0011159975547343492507935
0.0010990431765094399452209
0.0010823977645486593246460
0.0010660360567271709442139
0.0010499503696337342262268
0.0010341684101149439811707
0.0010186397703364491462708
0.0010034169536083936691284
0.0009884242899715900421143
0.0009737107320688664913177
0.0009592466522008180618286
0.0009450382203795015811920
0.0009310659952461719512939
0.0009173290454782545566559
0.0009038405260071158409119
0.0008905880968086421489716
0.0008775596506893634796143
0.0008647390059195458889008
0.0008521390845999121665955
0.0008397586061619222164154
0.0008275884320028126239777
0.0008156233816407620906830
0.0008038578089326620101929
0.0007922863587737083435059
0.0007809108938090503215790
0.0007697370019741356372833
0.0007587366271764039993286
0.0007479114574380218982697
0.0007372820400632917881012
0.0007268313202075660228729
0.0007165345014072954654694
0.0007064272067509591579437
0.0006964675267226994037628
0.0006866853800602257251740
0.0006770519539713859558105
0.0006675839540548622608185
0.0006582656060345470905304
0.0006490964442491531372070
0.0006400856073014438152313
0.0006312151672318577766418
0.0006224864046089351177216
0.0006138988537713885307312
0.0006054555997252464294434
0.0005971424398012459278107
0.0005889586172997951507568
0.0005809052963741123676300
0.0005729837575927376747131
0.0005651832907460629940033
0.0005575149552896618843079
0.0005499680992215871810913
0.0005425317795015871524811
0.0005352091393433511257172
0.0005280131590552628040314
0.0005209249211475253105164
0.0005139454733580350875854
0.0005070818006061017513275
0.0005003107944503426551819
0.0004936595214530825614929
0.0004871007695328444242477
0.0004806535434909164905548
0.0004743006429634988307953
0.0004680387792177498340607
0.0004618871316779404878616
0.0004558160435408353805542
0.0004498548805713653564453
0.0004439615004230290651321
0.0004381694598123431205750
0.0004324672336224466562271
0.0004268515331204980611801
0.0004213230276945978403091
0.0004158742667641490697861
0.0004105058906134217977524
0.0004052165604662150144577
0.0004000131739303469657898
0.0003948860394302755594254
0.0003898337308783084154129
0.0003848547930829226970673
0.0003799477126449346542358
0.0003751195035874843597412
0.0003703602124005556106567
0.0003656682965811342000961
0.0003610549902077764272690
0.0003565018123481422662735
0.0003520156315062195062637
0.0003476013080216944217682
0.0003432423400226980447769
0.0003389531339053064584732
0.0003347213496454060077667
0.0003305550199002027511597
0.0003264514962211251258850
0.0003223993116989731788635
0.0003184141532983630895615
0.0003144824586343020200729
0.0003106046060565859079361
0.0003067865618504583835602
0.0003030211373697966337204
0.0002993087691720575094223
0.0002956532116513699293137
0.0002920471888501197099686
0.0002884889254346489906311
0.0002849876764230430126190
0.0002815350017044693231583
0.0002781324437819421291351
0.0002747681573964655399323
0.0002714558504521846771240
0.0002681914484128355979919
0.0002649742818903177976608
0.0002618046710267663002014
0.0002586706250440329313278
0.0002555848914198577404022
0.0002525455493014305830002
0.0002495450607966631650925
0.0002465826692059636116028
0.0002436687791487202048302
0.0002407868159934878349304
0.0002379483776167035102844
0.0002351458533667027950287
0.0002323875087313354015350
0.0002296645543538033962250
0.0002269749384140595793724
0.0002243258641101419925690
0.0002205843629781156778336
0.0002154929243260994553566
0.0002105386083712801337242
0.0002057165693258866667747
0.0002010224416153505444527
0.0001964522816706448793411
0.0001920027279993519186974
0.0001876708847703412175179
0.0001834531867643818259239
0.0001793454284779727458954
0.0001753435935825109481812
0.0001714471436571329832077
0.0001676507672527804970741
0.0001639519905438646674156
0.0001603468117536976933479
0.0001568360457895323634148
0.0001534137263661250472069
0.0001500765210948884487152
0.0001468263508286327123642
0.0001436557940905913710594
0.0001405660295858979225159
0.0001375538558932021260262
0.0001346163335256278514862
0.0001317510905209928750992
0.0001289576030103489756584
0.0001262327568838372826576
0.0001235750387422740459442
0.0001209815527545288205147
0.0001184522698167711496353
0.0001159835956059396266937
0.0001135754137067124247551
0.0001112247191485948860645
0.0001089313227566890418530
0.0001066931145032867789268
0.0001045079043251462280750
0.0001023741569952107965946
0.0001002915814751759171486
0.0000982582569122314453125
0.0000962735211942344903946
0.0000943334016483277082443
0.0000924414998735301196575
0.0000905917913769371807575
0.0000887854985194280743599
0.0000870218791533261537552
0.0000852977900649420917034
0.0000836132458061911165714
0.0000819687847979366779327
0.0000803610164439305663109
0.0000787907556514255702496
0.0000772554340073838829994
0.0000757554880692623555660
0.0000742884512874297797680
0.0000728552840882912278175
0.0000714538182364776730537
0.0000700844611856155097485
0.0000687448264216072857380
0.0000674346010782755911350
0.0000661541562294587492943
0.0000649012436042539775372
0.0000636769109405577182770
0.0000624788517598062753677
0.0000613070515100844204426
0.0000601607680437155067921
0.0000590396048210095614195
0.0000579431543883401900530
0.0000568706418562214821577
0.0000558200154046062380075
0.0000547919225937221199274
0.0000537866289960220456123
0.0000528022246726322919130
0.0000518391570949461311102
0.0000508965822518803179264
0.0000499738307553343474865
0.0000490705861011520028114
0.0000481865354231558740139
0.0000473206055175978690386
0.0000464730146632064133883
0.0000456428606412373483181
0.0000448305509053170681000
0.0000440344010712578892708
0.0000432550878031179308891
0.0000424912941525690257549
0.0000417437695432454347610
0.0000410111861128825694323
0.0000402936275349929928780
0.0000395907918573357164860
0.0000389022716262843459845
0.0000382274592993780970573
0.0000375660420104395598173
0.0000369181689165998250246
0.0000362836144631728529930
0.0000356615491909906268120
0.0000350518312188796699047
0.0000344543004757724702358
0.0000338688078045379370451
0.0000332941090164240449667
0.0000327315174217801541090
0.0000321799780067522078753
0.0000316387158818542957306
0.0000311083567794412374496
0.0000305886132991872727871
0.0000300786032312316820025
0.0000295784411719068884850
0.0000290885363938286900520
0.0000286074864561669528484
0.0000281358989013824611902
0.0000276734645012766122818
0.0000272194793069502338767
0.0000267743362201144918799
0.0000263379297393839806318
0.0000259097396337892860174
0.0000254892347584245726466
0.0000250770171987824141979
0.0000246723448071861639619
0.0000242756177613046020269
0.0000238860829995246604085
0.0000235037150559946894646
0.0000231287995120510458946
0.0000227605778491124510765
0.0000223993320105364546180
0.0000220444999285973608494
0.0000216965272556990385056
0.0000213546809391118586063
0.0000210191410587867721915
0.0000206899148906813934445
0.0000203667495952686294913
0.0000200490649149287492037
0.0000197376211872324347496
0.0000194314015971031039953
0.0000191308918147115036845
0.0000188358826562762260437
0.0000185459393833298236132
0.0000182613348442828282714
0.0000179817961907247081399
0.0000177071560756303369999
0.0000174374617927242070436
0.0000171725496329599991441
0.0000169124650710728019476
0.0000166568133863620460033
0.0000164054745255270972848
0.0000161588814080459997058
0.0000159162464115070179105
0.0000156783899001311510801
0.0000154441295308060944080
0.0000152142301885760389268
0.0000149882289406377822161
0.0000147662221934297122061
0.0000145479061757214367390
0.0000143332663355977274477
0.0000141225082188611850142
0.0000139154390126350335777
0.0000137118695420213043690
0.0000135115469674929045141
0.0000133146731968736276031
0.0000131212282212800346315
0.0000129310692500439472497
0.0000127441153381369076669
0.0000125602782645728439093
0.0000123794743558391928673
0.0000122017327157664112747
0.0000120271406558458693326
0.0000118552597996313124895
0.0000116861165224690921605
0.0000115200318759889341891
0.0000113567393782432191074
0.0000111958515844889916480
0.0000110379251054837368429
0.0000108823051050421781838
0.0000107294590634410269558
0.0000105789367808029055595
0.0000104309992821072228253
0.0000102854000942897982895
0.0000101421319413930177689
0.0000100013376140850596130
0.0000098627369879977777600
0.0000097263500720146112144
0.0000095921695901779457927
0.0000094602437457069754601
0.0000093303506218944676220
0.0000092024783953092992306
0.0000090766452558455057442
0.0000089528712123865261674
0.0000088309889179072342813
0.0000087111711764009669423
0.0000085932515503372997046
0.0000084770590547122992575
0.0000083626428022398613393
0.0000082502056102384813130
0.0000081394518929300829768
0.0000080303980212192982435
0.0000079231531344703398645
0.0000078173561632866039872
0.0000077134300227044150233
0.0000076109495239506941289
0.0000075102116170455701649
0.0000074109475463046692312
0.0000073131059252773411572
0.0000072169864324678201228
0.0000071221256803255528212
0.0000070289825089275836945
0.0000069368984441098291427
0.0000068463978095678612590
0.0000067573005253507290035
0.0000066695552050077822059
0.0000065831723077280912548
0.0000064980354181898292154
0.0000064141545408347155899
0.0000063315087572846096009
0.0000062502058426616713405
0.0000061700943660980556160
0.0000060911520449735689908
0.0000060133561419206671417
0.0000059366830100771039724
0.0000058612422435544431210
0.0000057868783187586814165
0.0000057135671340802218765
0.0000056414842219965066761
0.0000055703408179397229105
0.0000055002442422846797854
0.0000054312704378389753401
0.0000053631615628546569496
0.0000052961427172704134136
0.0000052300210882094688714
0.0000051649221859406679869
0.0000051008046284550800920
0.0000050374892452964559197
0.0000049752211452869232744
0.0000049137884161609690636
0.0000048531969696341548115
0.0000047935400289134122431
0.0000047347052714030724019
0.0000046766995183133985847
0.0000046195814320526551455
0.0000045632373257831204683
0.0000045076394599163904786
0.0000044529324441100470722
0.0000043989844016323331743
0.0000043458194340928457677
0.0000042932524593197740614
0.0000042414976633153855801
0.0000041904913814505562186
0.0000041402231545362155885
0.0000040906979847932234406
0.0000040417285163130145520
0.0000039935139284352771938
0.0000039460242078348528594
0.0000038991415749478619546
0.0000038528542063431814313
0.0000038073246741987532005
0.0000037622939998982474208
0.0000037179434002609923482
0.0000036741539588547311723
0.0000036310548239271156490
0.0000035885086617781780660
0.0000035464834127196809277
0.0000035050916267209686339
0.0000034466306715330574661
0.0000033670769425953039899
0.0000032896657558012520894
0.0000032143213957169791684
0.0000031409756502398522571
0.0000030695669011038262397
0.0000030000426249898737296
0.0000029323575745365815237
0.0000028664560431934660301
0.0000028022723199683241546
0.0000027397436497267335653
0.0000026788616196427028626
0.0000026195432383246952668
0.0000025617498522478854284
0.0000025054189336515264586
0.0000024505632154614431784
0.0000023970894744707038626
0.0000023449456421076320112
0.0000022941617316973861307
0.0000022446217826654901728
0.0000021963442122796550393
0.0000021492789983312832192
0.0000021033802113379351795
0.0000020586107893905136734
0.0000020149625470367027447
0.0000019723868263099575415
0.0000019308599803480319679
0.0000018903367617895128205
0.0000018508167158870492131
0.0000018122436813428066671
0.0000017746158391673816368
0.0000017378862366967950948
0.0000017020519180732662790
0.0000016670799141138559207
0.0000016329360050804098137
0.0000015995962030501686968
0.0000015670559605496237054
0.0000015352852642536163330
0.0000015042737686599139124
0.0000014739594007551204413
0.0000014443984355239081196
0.0000014154967402646434493
0.0000013872734143660636619
0.0000013597168617707211524
0.0000013327779697647201829
0.0000013064569657217361964
0.0000012807622624677605927
0.0000012556408819364150986
0.0000012311055570535245351
0.0000012071161563653731719
0.0000011836795010822243057
0.0000011607570513660903089
0.0000011383638138795504346
0.0000011164659099449636415
0.0000010950697060252423398
0.0000010741379128376138397
0.0000010536656418480561115
0.0000010336586910852929577
0.0000010140819313164683990
0.0000009949517334462143481
0.0000009762320587469730526
0.0000009579226798450690694
0.0000009400120006830547936
0.0000009224938253282743972
0.0000009053617873178154696
0.0000008886037790034606587
0.0000008721877406969724689
0.0000008561237905269081239
0.0000008404160780628444627
0.0000008250347605098795611
0.0000008099868296085332986
0.0000007952590976856299676
0.0000007808411055520991795
0.0000007667279078305000439
0.0000007529146159868105315
0.0000007393844612124667037
0.0000007261408541126002092
0.0000007131696975193335675
0.0000007004773578955791891
0.0000006880375167384045199
0.0000006758607469237176701
0.0000006639264711338910274
0.0000006522463991132099181
0.0000006407997830137901474
0.0000006295879302342655137
0.0000006186061227708705701
0.0000006078479941606929060
0.0000005973040515527827665
0.0000005869694064131181221
0.0000005768463893218722660
0.0000005669314759870758280
0.0000005572117061092285439
0.0000005476848627949948423
0.0000005383484449339448474
0.0000005292001219459052663
0.0000005202204533816257026
0.0000005114299597153149080
0.0000005028121563555032481
0.0000004943549356539733708
0.0000004860680746787693352
0.0000004779470827998011373
0.0000004699781754879950313
0.0000004621631433110451326
0.0000004545083811535732821
0.0000004469919758776086383
0.0000004396234203341009561
0.0000004323978828324470669
0.0000004253043641710974043
0.0000004183490034392889356
0.0000004115301521778746974
0.0000004048396817779575940
0.0000003982692931003839476
0.0000003918283937309752218
0.0000003855053876122838119
0.0000003793065275203844067
0.0000003732200468675728189
0.0000003672455477499170229
0.0000003613874923757975921
0.0000003556340288923820481
0.0000003499895626646321034
0.0000003444453113843337633
0.0000003390082383702974766
0.0000003336668896736227907
0.0000003284240790435433155
0.0000003232799201668967726
0.0000003182304624260723358
0.0000003132666392957617063
0.0000003084003310505067930
0.0000003036156499547359999
0.0000002989201846048672451
0.0000002943106665043160319
0.0000002897803028645284940
0.0000002853333569419191917
0.0000002809655654800735647
0.0000002766743136817240156
0.0000002724603405113157351
0.0000002683210880149999866
0.0000002642572667355125304
0.0000002602627091619069688
0.0000002563355394613608951
0.0000002524825220007187454
0.0000002486913501797971549
0.0000002449748421895492356
0.0000002413145239188452251
0.0000002377223466965006082
0.0000002341910771974653471
0.0000002307222217723392532
0.0000002273110339956474490
0.0000002239572864937144914
0.0000002206641909197060158
0.0000002174287345724223997
0.0000002142479615940828808
0.0000002111179213670766330
0.0000002080417687011504313
0.0000002050191909575005411
0.0000002020479570319366758
0.0000001991268021583891823
0.0000001962543478839506861
0.0000001934292868099873886
0.0000001906520736838501762
0.0000001879240727475917083
0.0000001852384343692392576
0.0000001825955706635795650
0.0000001800004980623270967
0.0000001774490527850502986
0.0000001749351810076404945
0.0000001724675797731833882
0.0000001700360172662840341
0.0000001676477978662660462
0.0000001652958872000453994
0.0000001629843637829253566
0.0000001607093764732780983
0.0000001584708115842659026
0.0000001562709002200790565
0.0000001541052654374652775
0.0000001519742198752283002
0.0000001498776498465304030
0.0000001478163085266714916
0.0000001457867284671010566
0.0000001437887249267078005
0.0000001418225821225860273
0.0000001398886126935394714
0.0000001379842018423005356
0.0000001361120496312651085
0.0000001342695554740203079
0.0000001324540477298796759
0.0000001306662937849978334
0.0000001289094626599762705
0.0000001271789358270325465
0.0000001254749690815515351
0.0000001237992677260990604
0.0000001221461900513531873
0.0000001205223441047564847
0.0000001189210863117295958
0.0000001173470565163370338
0.0000001157960554110104567
0.0000001142672800824584556
0.0000001127654130073096894
0.0000001112832137550867628
0.0000001098278517019934952
0.0000001083890381892160804
0.0000001069749657744978322
0.0000001055828207086051407
0.0000001042118000782465970
0.0000001028620673082514259
0.0000001015318034092160815
0.0000001002211647005424311
0.0000000989298243325720250
0.0000000976594662915886147
0.0000000964077244702821190
0.0000000951742507027120155
0.0000000939586897175104241
0.0000000927606720324547496
0.0000000915819100555381738
0.0000000904199737306043971
0.0000000892744864700034668
0.0000000881481909686954168
0.0000000870365752803081705
0.0000000859413162856981216
0.0000000848636005912339897
0.0000000837993994196040148
0.0000000827522299573502096
0.0000000817190795032729511
0.0000000807019091553229373
0.0000000797000723196106264
0.0000000787107694577571237
0.0000000777378303951081762
0.0000000767779440025151416
0.0000000758312026505336689
0.0000000748990629517720663
0.0000000739797698656730063
0.0000000730734299736468529
0.0000000721809598758227366
0.0000000713005832153612573
0.0000000704318665611936012
0.0000000695770694392194855
0.0000000687341312755052058
0.0000000679034286577007151
0.0000000670820696768714697
0.0000000662734009893028997
0.0000000654764278351649409
0.0000000646909867896283686
0.0000000639171560123941163
0.0000000631520080673908524
0.0000000623986551318012062
0.0000000616566282474195759
0.0000000609240871085603430
0.0000000602008469741122099
0.0000000594894480343555188
0.0000000587858437484101159
0.0000000580928656290780054
0.0000000574086556071051746
0.0000000567352316238611820
0.0000000560704478402840323
0.0000000554138033237450145
0.0000000547670566675151349
0.0000000538536042427040229
0.0000000526105772280516248
0.0000000514010274343945639
0.0000000502237718080777995
0.0000000490777445349976915
0.0000000479619828297472850
0.0000000468756660154667770
0.0000000458180871021340863
0.0000000447883756748979067
0.0000000437855049995050649
0.0000000428084945269802120
0.0000000418572128069172322
0.0000000409303630988233635
0.0000000400273414413732098
0.0000000391471708383051009
0.0000000382900502415850497
0.0000000374545230386047479
0.0000000366397756579317502
0.0000000358462770577716583
0.0000000350722153541482840
0.0000000343178783168696100
0.0000000335824843489263003
0.0000000328653158021552372
0.0000000321657935842267761
0.0000000314837897974484804
0.0000000308185441610930866
0.0000000301696871929379995
0.0000000295365119029611378
0.0000000289190111857351440
0.0000000283163075209813542
0.0000000277283724869903381
0.0000000271544724483874234
0.0000000265945612198947856
0.0000000260481236580289988
0.0000000255146250793814033
0.0000000249936906726588859
0.0000000244852493835878704
0.0000000239888322539627552
0.0000000235042776353111549
0.0000000230306156367987569
0.0000000225687255550610644
0.0000000221171365666350539
0.0000000216761470994697447
0.0000000212455759651675180
0.0000000208246557775737529
0.0000000204133900894021281
0.0000000200119103510587593
0.0000000196193887802564859
0.0000000192360243289613209
0.0000000188611899432089558
0.0000000184949922044097548
0.0000000181368289275951611
0.0000000177869345918679755
0.0000000174447798428900569
0.0000000171104641566444116
0.0000000167834048880877162
0.0000000164635256538758767
0.0000000161509170482077025
0.0000000158450301768198187
0.0000000155461208350970992
0.0000000152536259179214539
0.0000000149675418725792042
0.0000000146876875106727312
0.0000000144139660207542875
0.0000000141462779268408667
0.0000000138844340469290728
0.0000000136279334483901948
0.0000000133769342269829394
0.0000000131315012197319447
0.0000000128911681329668681
0.0000000126560442126333328
0.0000000124259234013379682
0.0000000122006422742515497
0.0000000119801235598515632
0.0000000117642908747939146
0.0000000115528822064447922
0.0000000113459508455093783
0.0000000111432765237395870
0.0000000109449587171184248
0.0000000107505861990375706
0.0000000105603241706830886
0.0000000103738511114670473
0.0000000101913499861439050
0.0000000100124966095904711
0.0000000098373114099103987
0.0000000096657206682948527
0.0000000094976249087608267
0.0000000093328758055122307
0.0000000091713969752049707
0.0000000090132248331542542
0.0000000088583043122980598
0.0000000087064329079566960
0.0000000085575759811717944
0.0000000084116944520928882
0.0000000082687519054047698
0.0000000081284445840879016
0.0000000079910931205517954
0.0000000078564399430547383
0.0000000077242958695933339
0.0000000075948136668557709
0.0000000074679231687468928
0.0000000073434089919999224
0.0000000072212991142350802
0.0000000071016934555245825
0.0000000069842496230876350
0.0000000068691159427203274
0.0000000067562169192569854
0.0000000066453806901733969
0.0000000065367031787388896
0.0000000064301586277792921
0.0000000063256200277805874
0.0000000062229577046934992
0.0000000061223186520464878
0.0000000060235216814419346
0.0000000059266644925060064
0.0000000058315632323058253
0.0000000057382116835924535
0.0000000056466795683718374
0.0000000055567817014434695
0.0000000054685869166348766
0.0000000053819579903802151
0.0000000052970037245358981
0.0000000052135451511503561
0.0000000051316262350553643
0.0000000050512487526077621
0.0000000049723509754073802
0.0000000048947912389962767
0.0000000048187551726641686
0.0000000047439945305427500
0.0000000046706278844510507
0.0000000045986041641299380
0.0000000045278172322582577
0.0000000044583337022174874
0.0000000043900869606261494
0.0000000043230361512769377
0.0000000042571928204893084
0.0000000041925170002343748
0.0000000041290197927423833
0.0000000040666048306547964
0.0000000040052428040837640
0.0000000039450394062612304
0.0000000038858023465593305
0.0000000038277319092117068
0.0000000037705394362319566
0.0000000037144116671328220
0.0000000036592355812103960
0.0000000036050347151928008
0.0000000035517349061819914
0.0000000034993326014642889
0.0000000034478779831204065
0.0000000033973239776941000
0.0000000033476243999075450
0.0000000032987175213605724
0.0000000032506526359554755
0.0000000032034248587109460
0.0000000031569993286240106
0.0000000031113562837248310
0.0000000030664741856867295
0.0000000030223326064060529
0.0000000029789386513101590
0.0000000029363136366811204
0.0000000028943505370193634
0.0000000028530557916184307
0.0000000028125077822238609
0.0000000027726414497664109
0.0000000027333622032443827
0.0000000026948059339559904
0.0000000026568127697856880
0.0000000026194968416604070
0.0000000025827482375007094
0.0000000025466306841082087
0.0000000025110840073949703
0.0000000024761064310041547
0.0000000024417328159387353
0.0000000024078947724603950
0.0000000023745971855504422
0.0000000023418382788520375
0.0000000023096298207292421
0.0000000022779176322984540
0.0000000022466988269798094
0.0000000022159778456654067
0.0000000021857595733365542
0.0000000021560031537859459
0.0000000021267507754885173
0.0000000020979618042815673
0.0000000020695944957793699
0.0000000020416608403905911
0.0000000020142103540621292
0.0000000019871708722973835
0.0000000019605463918992427
0.0000000019343635582202978
0.0000000019085342195523936
0.0000000018831616266368201
0.0000000018581419736207749
0.0000000018335477580677662
0.0000000018093133657970384
0.0000000017854262512884134
0.0000000017619595782392139
0.0000000017388002149232307
0.0000000017160601828436484
0.0000000016935787217065013
0.0000000016714838402265286
0.0000000016497315735719553
0.0000000016283093762226031
0.0000000016072198016914285
0.0000000015864344282690013
0.0000000015659556984459755
0.0000000015457785051964379
0.0000000015259291608060721
0.0000000015063706948481581
0.0000000014870976672298752
0.0000000014681045268361004
0.0000000014493855005071055
0.0000000014309673446177840
0.0000000014128120895406937
0.0000000013949138510938042
0.0000000013773154838858659
0.0000000013599464887548152
0.0000000013428330669640332
0.0000000013259937592380311
0.0000000013093656159313127
0.0000000012930035930835970
0.0000000012768606172386399
0.0000000012609673305519209
0.0000000012453136299939160
0.0000000012298557727774551
0.0000000012146535999235653
0.0000000011996553750392991
0.0000000011848625414145886
0.0000000011702978586214385
0.0000000011559339041511407
0.0000000011417723433382321
0.0000000011278274980597303
0.0000000011140716127400196
0.0000000011004979150186500
0.0000000010871417099878045
0.0000000010739708011797688
0.0000000010609910727765737
0.0000000010481573387011167
0.0000000010355218904578578
0.0000000010230691849244522
0.0000000010107966685879433
0.0000000009987055626936581
0.0000000009867501260529821
0.0000000009749789864343938
0.0000000009633848163659309
0.0000000009519388610712554
0.0000000009406382339705033
0.0000000009295226255368050
0.0000000009185288085689081
0.0000000009077010254543438
0.0000000008970102438610184
0.0000000008864879941228310
0.0000000008761007475044380
0.0000000008658406769335159
0.0000000008557352604299240
0.0000000008414625662922504
0.0000000008220402691883066
0.0000000008031410536624151
0.0000000007847464345012156
0.0000000007668397583593389
0.0000000007494059817148013
0.0000000007324322814916684
0.0000000007159076109708451
0.0000000006998183699202798
0.0000000006841485156172666
0.0000000006688827269840658
0.0000000006540189501080818
0.0000000006395369234191151
0.0000000006254272100214564
0.0000000006116745443485172
0.0000000005982820350247664
0.0000000005852269224781992
0.0000000005724964946551836
0.0000000005600980790276822
0.0000000005480033649085669
0.0000000005362168487010877
0.0000000005247263179519734
0.0000000005135205594086756
0.0000000005025905247535434
0.0000000004919342155851325
0.0000000004815397525170795
0.0000000004714013623896562
0.0000000004615079984837678
0.0000000004518595497771116
0.0000000004424423050153337
0.0000000004332558201092240
0.0000000004242886320060535
0.0000000004155400190608560
0.0000000004070019321567031
0.0000000003986660168653344
0.0000000003905264167602951
0.0000000003825820216185605
0.0000000003748255039681681
0.0000000003672543380517368
0.0000000003598533693249806
0.0000000003526363367978291
0.0000000003455802588536727
0.0000000003386897984292148
0.0000000003319621244557425
0.0000000003253852465245899
0.0000000003189592201469083
0.0000000003126860992352931
0.0000000003065529496915076
0.0000000003005628801400206
0.0000000002947060928626399
0.0000000002889842531939024
0.0000000002833879519936744
0.0000000002779208529979371
0.0000000002725746850451571
0.0000000002673510024475689
0.0000000002622407013763706
0.0000000002572425883418106
0.0000000002523580788782454
0.0000000002475785965128097
0.0000000002429081380483922
0.0000000002383379049675227
0.0000000002338678417590501
0.0000000002294951173542614
0.0000000002252182190742857
0.0000000002210355926068885
0.0000000002169442819832668
0.0000000002129364601310968
0.0000000002090145972966084
0.0000000002051797065583116
0.0000000002014245020776073
0.0000000001977506908223958
0.0000000001941550531459058
0.0000000001906350355351805
0.0000000001871894306226807
0.0000000001838170449186549
0.0000000001805137844756999
0.0000000001772804819610840
0.0000000001741136956834310
0.0000000001710149799549754
0.0000000001679779093599620
0.0000000001650050651669233
0.0000000001620914236166726
0.0000000001592398435334985
0.0000000001564452595248511
0.0000000001537079907798500
0.0000000001510268854421071
0.0000000001484003891993879
0.0000000001458261844611286
0.0000000001433030777375777
0.0000000001408316380180352
0.0000000001384110048796572
0.0000000001360380141868234
0.0000000001337121247058093
0.0000000001314327258139514
0.0000000001291992485219495
0.0000000001270069466263735
0.0000000001248608300086218
0.0000000001227568741102303
0.0000000001206921229623958
0.0000000001186689635446214
0.0000000001166862995116702
0.0000000001147407654999988
0.0000000001128327986599231
0.0000000001109639602425716
0.0000000001091289003607443
0.0000000001073299366050051
0.0000000001055658893633904
0.0000000001038340732839593
0.0000000001021359871677952
0.0000000001004712285590514
0.0000000000988378129340717
0.0000000000972337141358359
0.0000000000956612289382264
0.0000000000941175262725302
0.0000000000926041326954063
0.0000000000911181755047785
0.0000000000896595575561321
0.0000000000882293682558100
0.0000000000868247140850542
0.0000000000854466705724199
0.0000000000840930935996909
0.0000000000827656831958734
0.0000000000814616429867243
0.0000000000801816599227401
0.0000000000789257617594963
0.0000000000776929839907403
0.0000000000764811131093168
0.0000000000752930495728776
0.0000000000741249145397305
0.0000000000729785606945477
0.0000000000718531900645303
0.0000000000707471442540353
0.0000000000696614640971482
0.0000000000685951087597836
0.0000000000675474398637022
0.0000000000665186378201454
0.0000000000655080781286621
0.0000000000645159342615997
0.0000000000635407004789812
0.0000000000625819188138088
0.0000000000616412407228317
0.0000000000607156616649895
0.0000000000598083110814329
0.0000000000589146786911243
0.0000000000580376822989503
0.0000000000571755559564124
0.0000000000563286674248875
0.0000000000554958579090936
0.0000000000546770718978795
0.0000000000538730934862564
0.0000000000530831871514703
0.0000000000523066312485554
0.0000000000515424612712589
0.0000000000507914474368043
0.0000000000500535134173585
0.0000000000493281145097502
0.0000000000486149419332005
0.0000000000479136591513551
0.0000000000472239469750946
0.0000000000465459164267212
0.0000000000458799005731425
0.0000000000452242271409276
0.0000000000445789967440380
0.0000000000439454340972478
0.0000000000433225226526002
0.0000000000427087844256935
0.0000000000421063427180624
0.0000000000415126995279014
0.0000000000409296381509439
0.0000000000403554412109486
0.0000000000397911044391908
0.0000000000392356876155464
0.0000000000386891629844399
0.0000000000381520752490427
0.0000000000376233558196937
0.0000000000371030810242257
0.0000000000365912231070631
0.0000000000360879659488944
0.0000000000355924630046633
0.0000000000351046691715595
0.0000000000346246538385220
0.0000000000341524933333837
0.0000000000336875492779054
0.0000000000332304808670081
0.0000000000327806531918995
0.0000000000323374139965527
0.0000000000319009506311030
0.0000000000314720367822208
0.0000000000310495448796466
0.0000000000306335373734257
0.0000000000302244305971922
0.0000000000298208471805061
0.0000000000294244004162003
0.0000000000290334683378246
0.0000000000286491837198088
0.0000000000282705213405787
0.0000000000278972851763815
0.0000000000275306184099877
0.0000000000271687533581755
0.0000000000268134403569320
0.0000000000264621675266641
0.0000000000261169350035395
0.0000000000257770558370618
0.0000000000254423340034782
0.0000000000251128094014286
0.0000000000247880379417031
0.0000000000244680577882184
0.0000000000241527891436943
0.0000000000238426431375949
0.0000000000235370421070025
0.0000000000232359010504668
0.0000000000229391332318141
0.0000000000226466484454235
0.0000000000223588647596529
0.0000000000220751888990733
0.0000000000217955289233407
0.0000000000215205544357167
0.0000000000212491638867940
0.0000000000209817666713130
0.0000000000207186524880942
0.0000000000204588377489268
0.0000000000202031811419312
0.0000000000199509471443537
0.0000000000197026145398738
0.0000000000194580254686549
0.0000000000192164964496477
0.0000000000189789624988057
0.0000000000187446152349890
0.0000000000185134772096029
0.0000000000182859040409600
0.0000000000180614672523616
0.0000000000178401928646599
0.0000000000176223046571833
0.0000000000174073689490628
0.0000000000171952799221664
0.0000000000169865892185594
0.0000000000167807937684339
0.0000000000165779855121340
0.0000000000163774584172049
0.0000000000161800295384040
0.0000000000159854560144446
0.0000000000157936979466866
0.0000000000156047744170884
0.0000000000154179707195778
0.0000000000152340466630374
0.0000000000150528877557177
0.0000000000148740447042384
0.0000000000146974724057891
0.0000000000145237910240126
0.0000000000143520126338892
0.0000000000141828285227241
0.0000000000140157850603284
0.0000000000138513749081692
0.0000000000136890741797568
0.0000000000135287605770862
0.0000000000133708634442176
0.0000000000131478525983164
0.0000000000128443792060673
0.0000000000125490789634752
0.0000000000122616630390815
0.0000000000119818712243647
0.0000000000117094684642938
0.0000000000114442543983073
0.0000000000111860564214195
0.0000000000109346620300044
0.0000000000106898205565198
0.0000000000104512926091260
0.0000000000102190460954388
0.0000000000099927644284237
0.0000000000097723001565853
0.0000000000095574147554456
0.0000000000093481567972620
0.0000000000091441706637219
0.0000000000089452577289872
0.0000000000087515324848075
0.0000000000085625525766964
0.0000000000083783882609545
0.0000000000081988487179996
0.0000000000080237587407606
0.0000000000078529769492741
0.0000000000076864721185177
0.0000000000075240586330794
0.0000000000073656462873384
0.0000000000072110624763089
0.0000000000070603054652674
0.0000000000069131610158646
0.0000000000067696221892066
0.0000000000066295098750946
0.0000000000064928127978259
0.0000000000063594051899485
0.0000000000062291565135209
0.0000000000061019752618796
0.0000000000059778440877900
0.0000000000058566484995026
0.0000000000057383490320584
0.0000000000056227088957028
0.0000000000055099427624661
0.0000000000053996915445886
0.0000000000052920281004565
0.0000000000051869081946210
0.0000000000050841444769467
0.0000000000049837378147954
0.0000000000048857203005515
0.0000000000047898898389298
0.0000000000046962950021878
0.0000000000046047827009787
0.0000000000045153789561547
0.0000000000044279367499012
0.0000000000043425133280928
0.0000000000042589794538306
0.0000000000041773594132433
0.0000000000040975109590058
0.0000000000040194154428408
0.0000000000039430949824726
0.0000000000038684155705127
0.0000000000037954396570061
0.0000000000037240297651175
0.0000000000036541850274852
0.0000000000035858612086603
0.0000000000035190346730357
0.0000000000034536811344826
0.0000000000033897544059885
0.0000000000033271321895484
0.0000000000032658530827595
0.0000000000032059329149736
0.0000000000031472578449626
0.0000000000030898545440999
0.0000000000030336727054048
0.0000000000029786724302372
0.0000000000029248348534794
0.0000000000028721413268540
0.0000000000028205278824328
0.0000000000027700075306419
0.0000000000027205264950536
0.0000000000026721090617965
0.0000000000026246548337494
0.0000000000025782041432332
0.0000000000025326784940105
0.0000000000024881225552109
0.0000000000024444571800758
0.0000000000024016873559352
0.0000000000023597950850329
0.0000000000023187560812404
0.0000000000022785341322051
0.0000000000022391105896497
0.0000000000022004943440318
0.0000000000021626719512446
0.0000000000021255939716691
0.0000000000020892519485283
0.0000000000020536363408430
0.0000000000020187382581555
0.0000000000019844835410371
0.0000000000019509504688847
0.0000000000019180761579723
0.0000000000018858144212874
0.0000000000018542025553847
0.0000000000018232234298698
0.0000000000017928244609375
0.0000000000017630124790613
0.0000000000017338118787902
0.0000000000017051390681366
0.0000000000016770302594532
0.0000000000016494670213030
0.0000000000016224073950619
0.0000000000015958747994968
0.0000000000015698629462352
0.0000000000015443408270949
0.0000000000015192767833724
0.0000000000014947067021598
0.0000000000014705863480083
0.0000000000014469395733657
0.0000000000014237214922622
0.0000000000014009305868146
0.0000000000013785838789970
0.0000000000013566361575790
0.0000000000013351042276941
0.0000000000013139545874952
0.0000000000012932137999355
0.0000000000012728381716676
0.0000000000012528384362928
0.0000000000012332150274921
0.0000000000012139528748553
0.0000000000011950173923331
0.0000000000011764538995762
0.0000000000011582017896833
0.0000000000011402900108523
0.0000000000011227060947583
0.0000000000011054241289693
0.0000000000010884603765179
0.0000000000010717985743716
0.0000000000010554287478703
0.0000000000010393537159398
0.0000000000010235637207603
0.0000000000010080614728375
0.0000000000009928234449841
0.0000000000009778424814658
0.0000000000009631443862942
0.0000000000009486822135155
0.0000000000009345048606474
0.0000000000009205418545488
0.0000000000009068387859211
0.0000000000008933680618189
0.0000000000008801354285139
0.0000000000008671227798296
0.0000000000008543292484044
0.0000000000008417670857228
0.0000000000008294247992417
0.0000000000008172911132587
0.0000000000008053509573634
0.0000000000007936163662001
0.0000000000007820861471462
0.0000000000007707517892148
0.0000000000007596084677063
0.0000000000007486509242399
0.0000000000007378741714859
0.0000000000007272799441675
0.0000000000007168734464554
0.0000000000007066285490770
0.0000000000006965468241256
0.0000000000006866474077695
0.0000000000006769144164469
0.0000000000006673247566515
0.0000000000006579116049697
0.0000000000006486359301235
0.0000000000006395255961085
0.0000000000006305537689211
0.0000000000006217360068624
0.0000000000006130576189929
0.0000000000006045181716319
0.0000000000005961261757663
0.0000000000005878649346827
0.0000000000005797356410035
0.0000000000005717378610479
0.0000000000005638744679515
0.0000000000005561322344479
0.0000000000005485104558056
0.0000000000005410102162269
0.0000000000005336327083341
0.0000000000005263679574673
0.0000000000005192262635470
0.0000000000005121977061234
0.0000000000005052720936961
0.0000000000004984523536110
0.0000000000004917505747222
0.0000000000004851491387445
0.0000000000004786490214598
0.0000000000004722567280811
0.0000000000004659507371954
0.0000000000004597562565031
0.0000000000004536479427785
0.0000000000004476434956220
0.0000000000004417268959465
0.0000000000004358950808810
0.0000000000004301659126561
0.0000000000004245117712215
0.0000000000004189600055771
0.0000000000004134713676041
0.0000000000004080771094303
0.0000000000004027664974541
0.0000000000003975364688043
0.0000000000003923876468973
0.0000000000003873130928391
0.0000000000003823134029409
0.0000000000003773873303702
0.0000000000003725412990249
0.0000000000003677662829219
0.0000000000003630609539135
0.0000000000003584239567471
0.0000000000003538538819597
0.0000000000003493572618696
0.0000000000003449248265480
0.0000000000003405551394272
0.0000000000003362586630581
0.0000000000003320181857312
0.0000000000003278401042393
0.0000000000003237289451265
0.0000000000003196693398270
0.0000000000003156747053427
0.0000000000003117335491305
0.0000000000003078533521855
0.0000000000003040316479477
0.0000000000003002577570257
0.0000000000002965462890438
0.0000000000002928846130467
0.0000000000002892730814000
0.0000000000002857172506400
0.0000000000002822104258181
0.0000000000002787530135103
0.0000000000002753485102685
0.0000000000002719901398291
0.0000000000002686762487839
0.0000000000002654154565400
0.0000000000002621999026318
0.0000000000002590310236271
0.0000000000002558977877688
0.0000000000002528129615376
0.0000000000002497727502257
0.0000000000002467765304170
0.0000000000002438246002670
0.0000000000002409057924934
0.0000000000002380319791100
0.0000000000002352013711831
0.0000000000002324069485037
0.0000000000002296480063405
0.0000000000002269342347502
0.0000000000002242501974045
0.0000000000002216066956676
0.0000000000002189966415676
0.0000000000002164277329401
0.0000000000002138917840587
0.0000000000002113868840170
0.0000000000002089197413159
0.0000000000002054351968487
0.0000000000002006934250948
0.0000000000001960793588043
0.0000000000001915884849856
0.0000000000001872167378807
0.0000000000001829604447546
0.0000000000001788164749736
0.0000000000001747821315847
0.0000000000001708540942188
0.0000000000001670284461956
0.0000000000001633014470176
0.0000000000001596725952412
0.0000000000001561369441941
0.0000000000001526921899466
0.0000000000001493346055538
0.0000000000001460649499572
0.0000000000001428776666207
0.0000000000001397696520154
0.0000000000001367426950751
0.0000000000001337898840109
0.0000000000001309123165774
0.0000000000001281070112187
0.0000000000001253712303244
0.0000000000001227027648324
0.0000000000001201011268518
0.0000000000001175634161419
0.0000000000001150882232397
0.0000000000001126728511923
0.0000000000001103172728948
0.0000000000001080181408729
0.0000000000001057753467064
0.0000000000001035860917984
0.0000000000001014501999660
0.0000000000000993657060929
0.0000000000000973305705238
0.0000000000000953433634669
0.0000000000000934038138717
0.0000000000000915101328047
0.0000000000000896617036259
0.0000000000000878548264954
0.0000000000000860928556635
0.0000000000000843701803842
0.0000000000000826879390696
0.0000000000000810454405410
0.0000000000000794397574523
0.0000000000000778709033562
0.0000000000000763393796961
0.0000000000000748420287333
0.0000000000000733796094092
0.0000000000000719497297028
0.0000000000000705527961899
0.0000000000000691865117172
0.0000000000000678517707514
0.0000000000000665465539661
0.0000000000000652712408319
0.0000000000000640236087345
0.0000000000000628033662944
0.0000000000000616108591011
0.0000000000000604439932893
0.0000000000000593037446407
0.0000000000000581879650800
0.0000000000000570966410545
0.0000000000000560290813853
0.0000000000000549849167662
0.0000000000000539637677263
0.0000000000000529649125936
0.0000000000000519864404617
0.0000000000000510289544181
0.0000000000000500927017965
0.0000000000000491759038275
0.0000000000000482789772516
0.0000000000000474011360219
0.0000000000000465417567225
0.0000000000000457005445856
0.0000000000000448772082321
0.0000000000000440707481630
0.0000000000000432813676663
0.0000000000000425082264852
0.0000000000000417517040906
0.0000000000000410102317773
0.0000000000000402844397380
0.0000000000000395731014689
0.0000000000000388769149252
0.0000000000000381946434387
0.0000000000000375263649365
0.0000000000000368717982036
0.0000000000000362305637694
0.0000000000000356020958157
0.0000000000000349861029633
0.0000000000000343827241255
0.0000000000000337917492382
0.0000000000000332124058073
0.0000000000000326445616958
0.0000000000000320880678257
0.0000000000000315427852837
0.0000000000000310075553287
0.0000000000000304836010763
0.0000000000000299699399683
0.0000000000000294658503326
0.0000000000000289719149279
0.0000000000000284878660917
0.0000000000000280128822021
0.0000000000000275470699853
0.0000000000000270908106061
0.0000000000000266427979396
0.0000000000000262035978040
0.0000000000000257729222079
0.0000000000000253501155478
0.0000000000000249355437421
0.0000000000000245291085349
0.0000000000000241303254234
0.0000000000000237386997402
0.0000000000000233547922212
0.0000000000000229779116876
0.0000000000000226084308338
0.0000000000000222456483166
0.0000000000000218895404190
0.0000000000000215403731093
0.0000000000000211974399622
0.0000000000000208610035577
0.0000000000000205305404296
0.0000000000000202064656240
0.0000000000000198880964323
0.0000000000000195756005671
0.0000000000000192689848046
0.0000000000000189680136696
0.0000000000000186721467552
0.0000000000000183820921809
0.0000000000000180969029638
0.0000000000000178170314196
0.0000000000000175422827306
0.0000000000000172722520151
0.0000000000000170071933831
0.0000000000000167468527246
0.0000000000000164910741855
0.0000000000000162399018116
0.0000000000000159931831369
0.0000000000000157509605131
0.0000000000000155128663279
0.0000000000000152787887729
0.0000000000000150491310358
0.0000000000000148231595862
0.0000000000000146016384476
0.0000000000000143834664773
0.0000000000000141693560300
0.0000000000000139588759659
0.0000000000000137521160705
0.0000000000000135487934348
0.0000000000000133488945063
0.0000000000000131526107144
0.0000000000000129597624882
0.0000000000000127701736447
0.0000000000000125836087088
0.0000000000000124002557219
0.0000000000000122200960492
0.0000000000000120429967065
0.0000000000000118688823079
0.0000000000000116976706912
0.0000000000000115292839295
0.0000000000000113637491276
0.0000000000000112011476009
0.0000000000000110410710793
0.0000000000000108835441270
0.0000000000000107288657464
0.0000000000000105767877570
0.0000000000000104269493227
0.0000000000000102798688277
0.0000000000000101349364082
0.0000000000000099925874392
0.0000000000000098524026394
0.0000000000000097146251072
0.0000000000000095790252968
0.0000000000000094455964317
0.0000000000000093144714963
0.0000000000000091853896044
0.0000000000000090583693907
0.0000000000000089334040789
0.0000000000000088105385617
0.0000000000000086895661632
0.0000000000000085704758720
0.0000000000000084532846285
0.0000000000000083380110677
0.0000000000000082244993354
0.0000000000000081129103679
0.0000000000000080030891582
0.0000000000000078948764640
0.0000000000000077883180252
0.0000000000000076836027300
0.0000000000000075804552929
0.0000000000000074788909603
0.0000000000000073790113763
0.0000000000000072804802687
0.0000000000000071836915079
0.0000000000000070882491059
0.0000000000000069944296191
0.0000000000000069019827492
0.0000000000000068108606388
0.0000000000000067213423853
0.0000000000000066329964253
0.0000000000000065462500871
0.0000000000000064604901188
0.0000000000000063762048348
0.0000000000000062932265227
0.0000000000000062115073251
0.0000000000000061310569828
0.0000000000000060517670756
0.0000000000000059736469210
0.0000000000000058966770370
0.0000000000000058209577973
0.0000000000000057463481707
0.0000000000000056728274049
0.0000000000000056003743242
0.0000000000000055289669056
0.0000000000000054587072167
0.0000000000000053894504148
0.0000000000000053211740535
0.0000000000000052540416103
0.0000000000000051877841520
0.0000000000000051225016287
0.0000000000000050582647676
0.0000000000000049948334348
0.0000000000000049324172710
0.0000000000000048708367052
0.0000000000000048102086279
0.0000000000000047504944992
0.0000000000000046915274535
0.0000000000000046335357663
0.0000000000000045763220789
0.0000000000000045198918969
0.0000000000000044643320412
0.0000000000000044095379034
0.0000000000000043555158361
0.0000000000000043023204729
0.0000000000000042498459348
0.0000000000000041980663872
0.0000000000000041471165084
0.0000000000000040968734786
0.0000000000000040473597442
0.0000000000000039984029339
0.0000000000000039502025240
0.0000000000000039026992223
0.0000000000000038558832878
0.0000000000000038097593792
0.0000000000000037641530077
0.0000000000000037192496736
0.0000000000000036750214247
0.0000000000000036313585704
0.0000000000000035882500991
0.0000000000000035458474180
0.0000000000000035039093344
0.0000000000000034626046198
0.0000000000000034218225245
0.0000000000000033816833272
0.0000000000000033420591259
0.0000000000000033029200628
0.0000000000000032643709581
