59107012771840.0000000000000000000000000
57518432714752.0000000000000000000000000
55978275897344.0000000000000000000000000
54485586018304.0000000000000000000000000
53037708083200.0000000000000000000000000
51633606098944.0000000000000000000000000
50272315375616.0000000000000000000000000
48951323525120.0000000000000000000000000
47670278225920.0000000000000000000000000
46427094908928.0000000000000000000000000
45220783718400.0000000000000000000000000
44050577096704.0000000000000000000000000
42914822488064.0000000000000000000000000
41811837976576.0000000000000000000000000
40741661310976.0000000000000000000000000
39702480551936.0000000000000000000000000
38693674942464.0000000000000000000000000
37713726144512.0000000000000000000000000
36762252476416.0000000000000000000000000
35838129864704.0000000000000000000000000
34940412493824.0000000000000000000000000
34068295057408.0000000000000000000000000
33221054038016.0000000000000000000000000
32397682802688.0000000000000000000000000
31597692715008.0000000000000000000000000
30820039393280.0000000000000000000000000
30064303407104.0000000000000000000000000
29329587175424.0000000000000000000000000
28615167180800.0000000000000000000000000
27920999383040.0000000000000000000000000
27245592707072.0000000000000000000000000
26589110730752.0000000000000000000000000
25950592958464.0000000000000000000000000
25329299095552.0000000000000000000000000
24725317222400.0000000000000000000000000
24137273704448.0000000000000000000000000
23565382451200.0000000000000000000000000
23009049968640.0000000000000000000000000
22467573710848.0000000000000000000000000
21940435681280.0000000000000000000000000
21427677822976.0000000000000000000000000
20928526286848.0000000000000000000000000
20442381287424.0000000000000000000000000
19969368653824.0000000000000000000000000
19508685176832.0000000000000000000000000
19059997409280.0000000000000000000000000
18623366168576.0000000000000000000000000
18197963079680.0000000000000000000000000
17783584718848.0000000000000000000000000
17379977330688.0000000000000000000000000
16986830536704.0000000000000000000000000
16603827666944.0000000000000000000000000
16230749569024.0000000000000000000000000
15867018477568.0000000000000000000000000
15512750784512.0000000000000000000000000
15167459950592.0000000000000000000000000
14830752759808.0000000000000000000000000
14502633406464.0000000000000000000000000
14182801997824.0000000000000000000000000
13871155773440.0000000000000000000000000
13567103336448.0000000000000000000000000
13270840770560.0000000000000000000000000
12981767241728.0000000000000000000000000
12699919450112.0000000000000000000000000
12425150595072.0000000000000000000000000
12157233135616.0000000000000000000000000
11895676338176.0000000000000000000000000
11640532631552.0000000000000000000000000
11391613272064.0000000000000000000000000
11148836470784.0000000000000000000000000
10911956860928.0000000000000000000000000
10680860147712.0000000000000000000000000
10455348150272.0000000000000000000000000
10235139850240.0000000000000000000000000
10020245733376.0000000000000000000000000
9810485444608.0000000000000000000000000
9605811798016.0000000000000000000000000
9406012981248.0000000000000000000000000
9210877181952.0000000000000000000000000
9020347777024.0000000000000000000000000
8834370240512.0000000000000000000000000
8652696584192.0000000000000000000000000
8475292729344.0000000000000000000000000
8302017118208.0000000000000000000000000
8132860313600.0000000000000000000000000
7967594250240.0000000000000000000000000
7806095196160.0000000000000000000000000
7648406142976.0000000000000000000000000
7494292209664.0000000000000000000000000
7343737143296.0000000000000000000000000
7196640804864.0000000000000000000000000
7052900433920.0000000000000000000000000
6912400162816.0000000000000000000000000
6775131602944.0000000000000000000000000
6640946905088.0000000000000000000000000
6509752745984.0000000000000000000000000
6381624623104.0000000000000000000000000
6256252682240.0000000000000000000000000
6133724479488.0000000000000000000000000
6013956653056.0000000000000000000000000
5896848539648.0000000000000000000000000
5782357147648.0000000000000000000000000
5670322569216.0000000000000000000000000
5560829214720.0000000000000000000000000
5453759119360.0000000000000000000000000
5349005852672.0000000000000000000000000
5246564696064.0000000000000000000000000
5146269974528.0000000000000000000000000
5048263245824.0000000000000000000000000
4952345280512.0000000000000000000000000
4858539671552.0000000000000000000000000
4766689132544.0000000000000000000000000
4676889608192.0000000000000000000000000
4588967559168.0000000000000000000000000
4503018405888.0000000000000000000000000
4418776858624.0000000000000000000000000
4336366649344.0000000000000000000000000
4255775981568.0000000000000000000000000
4176872472576.0000000000000000000000000
4099612606464.0000000000000000000000000
4023983013888.0000000000000000000000000
3949924450304.0000000000000000000000000
3877436915712.0000000000000000000000000
3806491312128.0000000000000000000000000
3736979636224.0000000000000000000000000
3668932034560.0000000000000000000000000
3602301583360.0000000000000000000000000
3537048436736.0000000000000000000000000
3473155293184.0000000000000000000000000
3410541936640.0000000000000000000000000
3349268398080.0000000000000000000000000
3289207013376.0000000000000000000000000
3230393696256.0000000000000000000000000
3172761337856.0000000000000000000000000
3116322783232.0000000000000000000000000
3061025341440.0000000000000000000000000
3006865604608.0000000000000000000000000
2953758638080.0000000000000000000000000
2901730394112.0000000000000000000000000
2850720055296.0000000000000000000000000
2800785555456.0000000000000000000000000
2751816794112.0000000000000000000000000
2703847063552.0000000000000000000000000
2656789594112.0000000000000000000000000
2610701795328.0000000000000000000000000
2565527568384.0000000000000000000000000
2521243582464.0000000000000000000000000
2477800816640.0000000000000000000000000
2435256942592.0000000000000000000000000
2393473024000.0000000000000000000000000
2352587210752.0000000000000000000000000
2312468692992.0000000000000000000000000
2273115897856.0000000000000000000000000
2234527776768.0000000000000000000000000
2196695547904.0000000000000000000000000
2159592472576.0000000000000000000000000
2123208982528.0000000000000000000000000
2087534985216.0000000000000000000000000
2052526833664.0000000000000000000000000
2018190950400.0000000000000000000000000
1984499810304.0000000000000000000000000
1951459180544.0000000000000000000000000
1919049924608.0000000000000000000000000
1887260770304.0000000000000000000000000
1856071925760.0000000000000000000000000
1825429389312.0000000000000000000000000
1795410755584.0000000000000000000000000
1765940264960.0000000000000000000000000
1737018572800.0000000000000000000000000
1708638076928.0000000000000000000000000
1680803495936.0000000000000000000000000
1653455060992.0000000000000000000000000
1626614136832.0000000000000000000000000
1600298811392.0000000000000000000000000
1574452592640.0000000000000000000000000
1549084131328.0000000000000000000000000
1524171538432.0000000000000000000000000
1499740635136.0000000000000000000000000
1475738730496.0000000000000000000000000
1452187320320.0000000000000000000000000
1429054947328.0000000000000000000000000
1406340956160.0000000000000000000000000
1384044429312.0000000000000000000000000
1362138365952.0000000000000000000000000
1340652650496.0000000000000000000000000
1319541800960.0000000000000000000000000
1298777899008.0000000000000000000000000
1278426873856.0000000000000000000000000
1258438131712.0000000000000000000000000
1238783361024.0000000000000000000000000
1219474620416.0000000000000000000000000
1200519380992.0000000000000000000000000
1181929832448.0000000000000000000000000
1163627200512.0000000000000000000000000
1145668501504.0000000000000000000000000
1128034074624.0000000000000000000000000
1110680928256.0000000000000000000000000
1093643468800.0000000000000000000000000
1076919795712.0000000000000000000000000
1060480417792.0000000000000000000000000
1044309213184.0000000000000000000000000
1028440915968.0000000000000000000000000
1012831617024.0000000000000000000000000
997506875392.0000000000000000000000000
982436282368.0000000000000000000000000
967631503360.0000000000000000000000000
953075957760.0000000000000000000000000
938771742720.0000000000000000000000000
924716302336.0000000000000000000000000
910911668224.0000000000000000000000000
897322123264.0000000000000000000000000
883959005184.0000000000000000000000000
870838435840.0000000000000000000000000
857929089024.0000000000000000000000000
845251739648.0000000000000000000000000
832782073856.0000000000000000000000000
820521861120.0000000000000000000000000
808465530880.0000000000000000000000000
796602859520.0000000000000000000000000
784969039872.0000000000000000000000000
773491195904.0000000000000000000000000
762226212864.0000000000000000000000000
751144337408.0000000000000000000000000
740239671296.0000000000000000000000000
729533251584.0000000000000000000000000
718987526144.0000000000000000000000000
708618616832.0000000000000000000000000
698430324736.0000000000000000000000000
688389685248.0000000000000000000000000
678522519552.0000000000000000000000000
668825354240.0000000000000000000000000
659272302592.0000000000000000000000000
649889316864.0000000000000000000000000
640647888896.0000000000000000000000000
631556800512.0000000000000000000000000
622619525120.0000000000000000000000000
613822365696.0000000000000000000000000
605176528896.0000000000000000000000000
596653047808.0000000000000000000000000
588273025024.0000000000000000000000000
580019879936.0000000000000000000000000
571914911744.0000000000000000000000000
563933937664.0000000000000000000000000
556070338560.0000000000000000000000000
548347904000.0000000000000000000000000
540734586880.0000000000000000000000000
533241528320.0000000000000000000000000
525877313536.0000000000000000000000000
518619856896.0000000000000000000000000
511482822656.0000000000000000000000000
504451760128.0000000000000000000000000
497530077184.0000000000000000000000000
490723672064.0000000000000000000000000
484023173120.0000000000000000000000000
477421633536.0000000000000000000000000
470924984320.0000000000000000000000000
461773537280.0000000000000000000000000
449362755584.0000000000000000000000000
437330280448.0000000000000000000000000
425668640768.0000000000000000000000000
414357094400.0000000000000000000000000
403387547648.0000000000000000000000000
392752463872.0000000000000000000000000
382432215040.0000000000000000000000000
372424048640.0000000000000000000000000
362711678976.0000000000000000000000000
353287372800.0000000000000000000000000
344145133568.0000000000000000000000000
335272050688.0000000000000000000000000
326654984192.0000000000000000000000000
318294228992.0000000000000000000000000
310175629312.0000000000000000000000000
302294335488.0000000000000000000000000
294638485504.0000000000000000000000000
287205097472.0000000000000000000000000
279985389568.0000000000000000000000000
272971972608.0000000000000000000000000
266158555136.0000000000000000000000000
259539484672.0000000000000000000000000
253106896896.0000000000000000000000000
246856974336.0000000000000000000000000
240781557760.0000000000000000000000000
234877370368.0000000000000000000000000
229137399808.0000000000000000000000000
223555993600.0000000000000000000000000
218132807680.0000000000000000000000000
212856193024.0000000000000000000000000
207727427584.0000000000000000000000000
202739007488.0000000000000000000000000
197885149184.0000000000000000000000000
193166540800.0000000000000000000000000
188572450816.0000000000000000000000000
184104550400.0000000000000000000000000
179758202880.0000000000000000000000000
175527919616.0000000000000000000000000
171409653760.0000000000000000000000000
167403732992.0000000000000000000000000
163504111616.0000000000000000000000000
159706103808.0000000000000000000000000
156010692608.0000000000000000000000000
152411602944.0000000000000000000000000
148906229760.0000000000000000000000000
145495048192.0000000000000000000000000
142171586560.0000000000000000000000000
138934255616.0000000000000000000000000
135781072896.0000000000000000000000000
132709613568.0000000000000000000000000
129717403648.0000000000000000000000000
126802731008.0000000000000000000000000
123961081856.0000000000000000000000000
121193365504.0000000000000000000000000
118495780864.0000000000000000000000000
115865255936.0000000000000000000000000
113301823488.0000000000000000000000000
110803140608.0000000000000000000000000
108368404480.0000000000000000000000000
105992994816.0000000000000000000000000
103678443520.0000000000000000000000000
101420056576.0000000000000000000000000
99218120704.0000000000000000000000000
97071489024.0000000000000000000000000
94978383872.0000000000000000000000000
92934971392.0000000000000000000000000
90941661184.0000000000000000000000000
88996978688.0000000000000000000000000
87100284928.0000000000000000000000000
85249662976.0000000000000000000000000
83444219904.0000000000000000000000000
81682407424.0000000000000000000000000
79962030080.0000000000000000000000000
78283169792.0000000000000000000000000
76644417536.0000000000000000000000000
75045404672.0000000000000000000000000
73484476416.0000000000000000000000000
71959977984.0000000000000000000000000
70471467008.0000000000000000000000000
69018517504.0000000000000000000000000
67599192064.0000000000000000000000000
66213224448.0000000000000000000000000
64859508736.0000000000000000000000000
63537971200.0000000000000000000000000
62246830080.0000000000000000000000000
60985118720.0000000000000000000000000
59753172992.0000000000000000000000000
58549157888.0000000000000000000000000
57372946432.0000000000000000000000000
56223756288.0000000000000000000000000
55100784640.0000000000000000000000000
54003126272.0000000000000000000000000
52930715648.0000000000000000000000000
51882397696.0000000000000000000000000
50857443328.0000000000000000000000000
49856442368.0000000000000000000000000
48876974080.0000000000000000000000000
47919722496.0000000000000000000000000
46984036352.0000000000000000000000000
46069129216.0000000000000000000000000
45174665216.0000000000000000000000000
44299395072.0000000000000000000000000
43443978240.0000000000000000000000000
42607493120.0000000000000000000000000
41789108224.0000000000000000000000000
40988786688.0000000000000000000000000
40205234176.0000000000000000000000000
39439556608.0000000000000000000000000
38690197504.0000000000000000000000000
37957341184.0000000000000000000000000
37239758848.0000000000000000000000000
36538200064.0000000000000000000000000
35851309056.0000000000000000000000000
35179831296.0000000000000000000000000
34521694208.0000000000000000000000000
33877864448.0000000000000000000000000
33248249856.0000000000000000000000000
32631816192.0000000000000000000000000
32028223488.0000000000000000000000000
31437367296.0000000000000000000000000
30858784768.0000000000000000000000000
30292475904.0000000000000000000000000
29738213376.0000000000000000000000000
29195153408.0000000000000000000000000
28663531520.0000000000000000000000000
28142981120.0000000000000000000000000
27633190912.0000000000000000000000000
27134025728.0000000000000000000000000
26644858880.0000000000000000000000000
26166159360.0000000000000000000000000
25696929792.0000000000000000000000000
25237450752.0000000000000000000000000
24787197952.0000000000000000000000000
24346271744.0000000000000000000000000
23914260480.0000000000000000000000000
23491137536.0000000000000000000000000
23076239360.0000000000000000000000000
22669768704.0000000000000000000000000
22271250432.0000000000000000000000000
21881137152.0000000000000000000000000
21498568704.0000000000000000000000000
21123805184.0000000000000000000000000
20756168704.0000000000000000000000000
20396107776.0000000000000000000000000
20043184128.0000000000000000000000000
19697215488.0000000000000000000000000
19357818880.0000000000000000000000000
19025444864.0000000000000000000000000
18699008000.0000000000000000000000000
18379587584.0000000000000000000000000
18066161664.0000000000000000000000000
17758717952.0000000000000000000000000
17457248256.0000000000000000000000000
17161683968.0000000000000000000000000
16871816192.0000000000000000000000000
16587570176.0000000000000000000000000
16308867072.0000000000000000000000000
16035365888.0000000000000000000000000
15767116800.0000000000000000000000000
15503904768.0000000000000000000000000
15245774848.0000000000000000000000000
14992577536.0000000000000000000000000
14744224768.0000000000000000000000000
14500561920.0000000000000000000000000
14261167104.0000000000000000000000000
14026646528.0000000000000000000000000
13796408320.0000000000000000000000000
13570457600.0000000000000000000000000
13348734976.0000000000000000000000000
13131277312.0000000000000000000000000
12917617664.0000000000000000000000000
12707922944.0000000000000000000000000
12502334464.0000000000000000000000000
12300410880.0000000000000000000000000
12102219776.0000000000000000000000000
11907590144.0000000000000000000000000
11716723712.0000000000000000000000000
11529208832.0000000000000000000000000
11345213440.0000000000000000000000000
11164491776.0000000000000000000000000
10987038720.0000000000000000000000000
10812847104.0000000000000000000000000
10641705984.0000000000000000000000000
10473848832.0000000000000000000000000
10308920320.0000000000000000000000000
10146702336.0000000000000000000000000
9987709952.0000000000000000000000000
9831547904.0000000000000000000000000
9677995008.0000000000000000000000000
9527145472.0000000000000000000000000
9379057664.0000000000000000000000000
9233826816.0000000000000000000000000
9090837504.0000000000000000000000000
8950535168.0000000000000000000000000
8812766208.0000000000000000000000000
8677194752.0000000000000000000000000
8544089600.0000000000000000000000000
8413435904.0000000000000000000000000
8285003264.0000000000000000000000000
8158665728.0000000000000000000000000
8034694656.0000000000000000000000000
7912747008.0000000000000000000000000
7793022464.0000000000000000000000000
7675283456.0000000000000000000000000
7559621120.0000000000000000000000000
7445905920.0000000000000000000000000
7334154240.0000000000000000000000000
7224346112.0000000000000000000000000
7116497408.0000000000000000000000000
7010329088.0000000000000000000000000
6905929728.0000000000000000000000000
6803425280.0000000000000000000000000
6702571008.0000000000000000000000000
6603529216.0000000000000000000000000
6506109952.0000000000000000000000000
6410327040.0000000000000000000000000
6316136960.0000000000000000000000000
6223459840.0000000000000000000000000
6132570624.0000000000000000000000000
6042899968.0000000000000000000000000
5954892288.0000000000000000000000000
5868315136.0000000000000000000000000
5783122432.0000000000000000000000000
5699478528.0000000000000000000000000
5617090048.0000000000000000000000000
5536082944.0000000000000000000000000
5456486912.0000000000000000000000000
5378044416.0000000000000000000000000
5300957184.0000000000000000000000000
5225198080.0000000000000000000000000
5150564864.0000000000000000000000000
5077260288.0000000000000000000000000
5005061632.0000000000000000000000000
4934037504.0000000000000000000000000
4864215040.0000000000000000000000000
4795487232.0000000000000000000000000
4727941632.0000000000000000000000000
4661351936.0000000000000000000000000
4595883008.0000000000000000000000000
4531405312.0000000000000000000000000
4468085248.0000000000000000000000000
4405733888.0000000000000000000000000
4344299520.0000000000000000000000000
4283968000.0000000000000000000000000
4224488960.0000000000000000000000000
4165949440.0000000000000000000000000
4108416512.0000000000000000000000000
4051717632.0000000000000000000000000
3995959552.0000000000000000000000000
3941029376.0000000000000000000000000
3886953728.0000000000000000000000000
3833778688.0000000000000000000000000
3781431040.0000000000000000000000000
3729856512.0000000000000000000000000
3679101440.0000000000000000000000000
3607605760.0000000000000000000000000
3510646528.0000000000000000000000000
3416642816.0000000000000000000000000
3325536256.0000000000000000000000000
3237164800.0000000000000000000000000
3151465216.0000000000000000000000000
3068378624.0000000000000000000000000
2987751680.0000000000000000000000000
2909562880.0000000000000000000000000
2833684992.0000000000000000000000000
2760057600.0000000000000000000000000
2688633856.0000000000000000000000000
2619312896.0000000000000000000000000
2551992064.0000000000000000000000000
2486673664.0000000000000000000000000
2423247104.0000000000000000000000000
2361674496.0000000000000000000000000
2301863168.0000000000000000000000000
2243789824.0000000000000000000000000
2187385856.0000000000000000000000000
2132593536.0000000000000000000000000
2079363712.0000000000000000000000000
2027652224.0000000000000000000000000
1977397632.0000000000000000000000000
1928570112.0000000000000000000000000
1881105920.0000000000000000000000000
1834979456.0000000000000000000000000
1790135936.0000000000000000000000000
1746531200.0000000000000000000000000
1704162560.0000000000000000000000000
1662939008.0000000000000000000000000
1622870528.0000000000000000000000000
1583898496.0000000000000000000000000
1545977728.0000000000000000000000000
1509113600.0000000000000000000000000
1473222272.0000000000000000000000000
1438316800.0000000000000000000000000
1404360960.0000000000000000000000000
1371311872.0000000000000000000000000
1339137920.0000000000000000000000000
1307841664.0000000000000000000000000
1277375872.0000000000000000000000000
1247703936.0000000000000000000000000
1218833536.0000000000000000000000000
1190715648.0000000000000000000000000
1163329920.0000000000000000000000000
1136680064.0000000000000000000000000
1110715520.0000000000000000000000000
1085423872.0000000000000000000000000
1060789632.0000000000000000000000000
1036793856.0000000000000000000000000
1013417216.0000000000000000000000000
990646336.0000000000000000000000000
968445952.0000000000000000000000000
946823168.0000000000000000000000000
925748288.0000000000000000000000000
905197312.0000000000000000000000000
885170496.0000000000000000000000000
865649536.0000000000000000000000000
846628160.0000000000000000000000000
828070272.0000000000000000000000000
809987840.0000000000000000000000000
792344192.0000000000000000000000000
775141568.0000000000000000000000000
758371008.0000000000000000000000000
742018624.0000000000000000000000000
726054464.0000000000000000000000000
710481728.0000000000000000000000000
695288896.0000000000000000000000000
680470976.0000000000000000000000000
666012992.0000000000000000000000000
651907968.0000000000000000000000000
638143808.0000000000000000000000000
624703360.0000000000000000000000000
611587264.0000000000000000000000000
598784512.0000000000000000000000000
586292224.0000000000000000000000000
574097472.0000000000000000000000000
562187328.0000000000000000000000000
550558336.0000000000000000000000000
539207168.0000000000000000000000000
528118688.0000000000000000000000000
517290816.0000000000000000000000000
506714912.0000000000000000000000000
496390400.0000000000000000000000000
486303360.0000000000000000000000000
476446240.0000000000000000000000000
466821664.0000000000000000000000000
457415296.0000000000000000000000000
448226144.0000000000000000000000000
439248096.0000000000000000000000000
430474880.0000000000000000000000000
421899424.0000000000000000000000000
413521216.0000000000000000000000000
405331232.0000000000000000000000000
397323776.0000000000000000000000000
389503456.0000000000000000000000000
381851360.0000000000000000000000000
374372832.0000000000000000000000000
367062784.0000000000000000000000000
359915072.0000000000000000000000000
352927072.0000000000000000000000000
346089024.0000000000000000000000000
339406080.0000000000000000000000000
332871040.0000000000000000000000000
326477408.0000000000000000000000000
320224896.0000000000000000000000000
314103392.0000000000000000000000000
308121536.0000000000000000000000000
302267168.0000000000000000000000000
296541728.0000000000000000000000000
290935616.0000000000000000000000000
285454688.0000000000000000000000000
280088352.0000000000000000000000000
274842432.0000000000000000000000000
269700736.0000000000000000000000000
264670816.0000000000000000000000000
259751952.0000000000000000000000000
254936064.0000000000000000000000000
250220496.0000000000000000000000000
245604432.0000000000000000000000000
241084256.0000000000000000000000000
236659968.0000000000000000000000000
232329792.0000000000000000000000000
228087136.0000000000000000000000000
223933840.0000000000000000000000000
219867040.0000000000000000000000000
215884304.0000000000000000000000000
211984576.0000000000000000000000000
208162960.0000000000000000000000000
204423120.0000000000000000000000000
200757264.0000000000000000000000000
197167584.0000000000000000000000000
193649984.0000000000000000000000000
190205248.0000000000000000000000000
186830160.0000000000000000000000000
183524512.0000000000000000000000000
180283120.0000000000000000000000000
177107568.0000000000000000000000000
173994144.0000000000000000000000000
170946384.0000000000000000000000000
167957568.0000000000000000000000000
165029728.0000000000000000000000000
162157568.0000000000000000000000000
159344592.0000000000000000000000000
156587376.0000000000000000000000000
153884496.0000000000000000000000000
151232960.0000000000000000000000000
148636288.0000000000000000000000000
146086000.0000000000000000000000000
143590528.0000000000000000000000000
141141888.0000000000000000000000000
138739984.0000000000000000000000000
136384752.0000000000000000000000000
134075656.0000000000000000000000000
131811064.0000000000000000000000000
129590392.0000000000000000000000000
127413024.0000000000000000000000000
125276296.0000000000000000000000000
123180600.0000000000000000000000000
121124256.0000000000000000000000000
119107616.0000000000000000000000000
117129512.0000000000000000000000000
115189256.0000000000000000000000000
113285640.0000000000000000000000000
111415368.0000000000000000000000000
109583176.0000000000000000000000000
107784440.0000000000000000000000000
106019200.0000000000000000000000000
104286992.0000000000000000000000000
102588104.0000000000000000000000000
100918888.0000000000000000000000000
99280648.0000000000000000000000000
97674488.0000000000000000000000000
96096960.0000000000000000000000000
94548592.0000000000000000000000000
93028048.0000000000000000000000000
91536904.0000000000000000000000000
90071944.0000000000000000000000000
88634480.0000000000000000000000000
87222592.0000000000000000000000000
85836240.0000000000000000000000000
84475368.0000000000000000000000000
83138328.0000000000000000000000000
81826944.0000000000000000000000000
80538440.0000000000000000000000000
79271112.0000000000000000000000000
78028984.0000000000000000000000000
76808968.0000000000000000000000000
75609336.0000000000000000000000000
74430824.0000000000000000000000000
73273888.0000000000000000000000000
72139272.0000000000000000000000000
71022168.0000000000000000000000000
69926056.0000000000000000000000000
68849736.0000000000000000000000000
67790584.0000000000000000000000000
66750700.0000000000000000000000000
65729968.0000000000000000000000000
64726588.0000000000000000000000000
63739576.0000000000000000000000000
62771052.0000000000000000000000000
61818336.0000000000000000000000000
60882988.0000000000000000000000000
59963152.0000000000000000000000000
59059540.0000000000000000000000000
58171140.0000000000000000000000000
57298080.0000000000000000000000000
56440204.0000000000000000000000000
55597636.0000000000000000000000000
54768196.0000000000000000000000000
53952576.0000000000000000000000000
53151760.0000000000000000000000000
52363836.0000000000000000000000000
51590072.0000000000000000000000000
50828984.0000000000000000000000000
50080680.0000000000000000000000000
49344820.0000000000000000000000000
48620780.0000000000000000000000000
47910708.0000000000000000000000000
47210156.0000000000000000000000000
46522596.0000000000000000000000000
45846212.0000000000000000000000000
45180644.0000000000000000000000000
44527176.0000000000000000000000000
43883516.0000000000000000000000000
43250648.0000000000000000000000000
42628804.0000000000000000000000000
42015972.0000000000000000000000000
41413728.0000000000000000000000000
40821860.0000000000000000000000000
40238788.0000000000000000000000000
39666096.0000000000000000000000000
39102044.0000000000000000000000000
38547168.0000000000000000000000000
38001680.0000000000000000000000000
37464744.0000000000000000000000000
36937044.0000000000000000000000000
36416812.0000000000000000000000000
35905336.0000000000000000000000000
35401604.0000000000000000000000000
34906916.0000000000000000000000000
34419796.0000000000000000000000000
33939840.0000000000000000000000000
33468500.0000000000000000000000000
33003820.0000000000000000000000000
32546480.0000000000000000000000000
32097004.0000000000000000000000000
31654044.0000000000000000000000000
31218434.0000000000000000000000000
30789292.0000000000000000000000000
30366826.0000000000000000000000000
29951396.0000000000000000000000000
29542430.0000000000000000000000000
29139504.0000000000000000000000000
28742980.0000000000000000000000000
28184420.0000000000000000000000000
27426926.0000000000000000000000000
26692522.0000000000000000000000000
25980752.0000000000000000000000000
25290350.0000000000000000000000000
24620822.0000000000000000000000000
23971708.0000000000000000000000000
23341810.0000000000000000000000000
22730960.0000000000000000000000000
22138164.0000000000000000000000000
21562950.0000000000000000000000000
21004952.0000000000000000000000000
20463382.0000000000000000000000000
19937438.0000000000000000000000000
19427138.0000000000000000000000000
18931618.0000000000000000000000000
18450582.0000000000000000000000000
17983306.0000000000000000000000000
17529608.0000000000000000000000000
17088952.0000000000000000000000000
16660887.0000000000000000000000000
16245029.0000000000000000000000000
15841033.0000000000000000000000000
15448419.0000000000000000000000000
15066954.0000000000000000000000000
14696140.0000000000000000000000000
14335777.0000000000000000000000000
13985437.0000000000000000000000000
13644775.0000000000000000000000000
13313770.0000000000000000000000000
12991711.0000000000000000000000000
12678676.0000000000000000000000000
12374207.0000000000000000000000000
12077951.0000000000000000000000000
11789950.0000000000000000000000000
11509549.0000000000000000000000000
11236850.0000000000000000000000000
10971570.0000000000000000000000000
10713374.0000000000000000000000000
10462015.0000000000000000000000000
10217513.0000000000000000000000000
9979499.0000000000000000000000000
9747687.0000000000000000000000000
9522137.0000000000000000000000000
9302466.0000000000000000000000000
9088515.0000000000000000000000000
8880313.0000000000000000000000000
8677465.0000000000000000000000000
8479874.0000000000000000000000000
8287419.0000000000000000000000000
8099952.0000000000000000000000000
7917322.0000000000000000000000000
7739424.5000000000000000000000000
7565984.0000000000000000000000000
7397056.0000000000000000000000000
7232408.5000000000000000000000000
7071854.0000000000000000000000000
6915394.5000000000000000000000000
6762887.0000000000000000000000000
6614282.5000000000000000000000000
6469299.0000000000000000000000000
6328030.0000000000000000000000000
6190189.0000000000000000000000000
6055793.5000000000000000000000000
5924773.5000000000000000000000000
5797020.5000000000000000000000000
5672300.5000000000000000000000000
5550638.5000000000000000000000000
5431944.5000000000000000000000000
5316179.5000000000000000000000000
5203226.5000000000000000000000000
5093031.0000000000000000000000000
4985498.5000000000000000000000000
4880495.0000000000000000000000000
4778025.5000000000000000000000000
4678004.0000000000000000000000000
4580408.0000000000000000000000000
4485136.5000000000000000000000000
4392088.5000000000000000000000000
4301237.0000000000000000000000000
4212556.0000000000000000000000000
4125927.2500000000000000000000000
4041334.5000000000000000000000000
3958710.2500000000000000000000000
3878050.0000000000000000000000000
3799245.0000000000000000000000000
3722236.2500000000000000000000000
3647044.2500000000000000000000000
3573557.0000000000000000000000000
3501766.7500000000000000000000000
3431625.7500000000000000000000000
3363085.0000000000000000000000000
3296089.2500000000000000000000000
3230634.5000000000000000000000000
3166650.2500000000000000000000000
3104092.0000000000000000000000000
3042995.7500000000000000000000000
2983213.7500000000000000000000000
2924787.7500000000000000000000000
2867678.0000000000000000000000000
2811836.5000000000000000000000000
2757242.7500000000000000000000000
2703820.5000000000000000000000000
2651610.0000000000000000000000000
2600555.0000000000000000000000000
2550604.7500000000000000000000000
2501757.0000000000000000000000000
2453932.7500000000000000000000000
2407199.5000000000000000000000000
2361462.2500000000000000000000000
2316732.2500000000000000000000000
2272934.5000000000000000000000000
2230114.7500000000000000000000000
2188190.2500000000000000000000000
2147206.5000000000000000000000000
2107037.0000000000000000000000000
2067740.7500000000000000000000000
2029312.1250000000000000000000000
1991688.0000000000000000000000000
1954847.6250000000000000000000000
1918784.6250000000000000000000000
1883470.7500000000000000000000000
1848906.0000000000000000000000000
1815076.5000000000000000000000000
1781930.7500000000000000000000000
1749483.1250000000000000000000000
1717711.2500000000000000000000000
1686596.1250000000000000000000000
1656129.5000000000000000000000000
1626273.1250000000000000000000000
1597055.6250000000000000000000000
1568416.1250000000000000000000000
1540371.7500000000000000000000000
1512890.5000000000000000000000000
1485978.5000000000000000000000000
1459610.6250000000000000000000000
1433785.2500000000000000000000000
1408461.8750000000000000000000000
1383652.8750000000000000000000000
1359329.2500000000000000000000000
1335518.6250000000000000000000000
1312168.5000000000000000000000000
1289294.7500000000000000000000000
1266856.0000000000000000000000000
1244879.6250000000000000000000000
1223338.8750000000000000000000000
1202222.6250000000000000000000000
1181507.5000000000000000000000000
1161221.0000000000000000000000000
1141296.8750000000000000000000000
1121801.0000000000000000000000000
1102671.0000000000000000000000000
1083906.1250000000000000000000000
1065505.8750000000000000000000000
1047466.0625000000000000000000000
1029773.9375000000000000000000000
1012424.9375000000000000000000000
995414.2500000000000000000000000
978721.0625000000000000000000000
962348.4375000000000000000000000
946283.2500000000000000000000000
930528.2500000000000000000000000
915074.3125000000000000000000000
899916.0625000000000000000000000
885044.0625000000000000000000000
870432.5625000000000000000000000
856118.5625000000000000000000000
842065.9375000000000000000000000
828275.0000000000000000000000000
814742.1250000000000000000000000
801469.5625000000000000000000000
788428.8125000000000000000000000
775630.0625000000000000000000000
763081.9375000000000000000000000
750757.5000000000000000000000000
738660.8750000000000000000000000
726781.6250000000000000000000000
715132.0625000000000000000000000
703687.0625000000000000000000000
692456.8750000000000000000000000
681426.5000000000000000000000000
670595.6250000000000000000000000
659963.8125000000000000000000000
649518.1875000000000000000000000
639273.0000000000000000000000000
629206.5625000000000000000000000
619305.5625000000000000000000000
609601.4375000000000000000000000
600070.0625000000000000000000000
590697.9375000000000000000000000
581490.8125000000000000000000000
572452.2500000000000000000000000
563588.0625000000000000000000000
554860.6875000000000000000000000
546297.3125000000000000000000000
537888.5625000000000000000000000
529613.9375000000000000000000000
521489.8437500000000000000000000
513515.3750000000000000000000000
505676.4687500000000000000000000
497965.4375000000000000000000000
490398.8437500000000000000000000
482955.7500000000000000000000000
475648.3437500000000000000000000
468462.1250000000000000000000000
461402.6562500000000000000000000
454462.0312500000000000000000000
447641.2500000000000000000000000
440939.0937500000000000000000000
434356.5312500000000000000000000
427876.5312500000000000000000000
421504.5000000000000000000000000
415248.1250000000000000000000000
409092.4687500000000000000000000
403047.4375000000000000000000000
397101.4375000000000000000000000
391255.3125000000000000000000000
385506.4062500000000000000000000
379849.8437500000000000000000000
374302.4062500000000000000000000
368829.3437500000000000000000000
363457.7812500000000000000000000
358173.5312500000000000000000000
352973.7812500000000000000000000
347868.5625000000000000000000000
342839.9687500000000000000000000
337895.6875000000000000000000000
333037.5312500000000000000000000
328249.7812500000000000000000000
323544.7500000000000000000000000
318920.7812500000000000000000000
314365.5312500000000000000000000
309891.3750000000000000000000000
305484.7187500000000000000000000
301149.7500000000000000000000000
296888.1250000000000000000000000
292693.3125000000000000000000000
288570.6562500000000000000000000
284506.3437500000000000000000000
280510.4375000000000000000000000
276575.0312500000000000000000000
272710.2812500000000000000000000
268904.6562500000000000000000000
265155.0000000000000000000000000
261472.6562500000000000000000000
257842.3437500000000000000000000
254269.3750000000000000000000000
250757.8437500000000000000000000
247297.2187500000000000000000000
243894.0156250000000000000000000
240541.3437500000000000000000000
237240.8281250000000000000000000
233995.2812500000000000000000000
230800.2343750000000000000000000
227652.3750000000000000000000000
224554.5312500000000000000000000
220190.7812500000000000000000000
214272.8593750000000000000000000
208535.3281250000000000000000000
202974.6250000000000000000000000
197580.8593750000000000000000000
192350.1718750000000000000000000
187278.9687500000000000000000000
182357.8906250000000000000000000
177585.6250000000000000000000000
172954.4062500000000000000000000
168460.5468750000000000000000000
164101.1875000000000000000000000
159870.1718750000000000000000000
155761.2343750000000000000000000
151774.5156250000000000000000000
147903.2656250000000000000000000
144145.1718750000000000000000000
140494.5781250000000000000000000
136950.0625000000000000000000000
133507.4375000000000000000000000
130163.1796875000000000000000000
126914.2890625000000000000000000
123758.0703125000000000000000000
120690.7734375000000000000000000
117710.5781250000000000000000000
114813.5937500000000000000000000
111998.2578125000000000000000000
109261.2265625000000000000000000
106599.8046875000000000000000000
104013.8281250000000000000000000
101497.7421875000000000000000000
99052.1562500000000000000000000
96673.4921875000000000000000000
94358.9921875000000000000000000
92108.9843750000000000000000000
89918.3515625000000000000000000
87787.8906250000000000000000000
85715.3906250000000000000000000
83698.2343750000000000000000000
81734.4921875000000000000000000
79824.3203125000000000000000000
77964.8359375000000000000000000
76153.8046875000000000000000000
74391.6953125000000000000000000
72675.5156250000000000000000000
71004.0234375000000000000000000
69377.4453125000000000000000000
67792.6953125000000000000000000
66249.0156250000000000000000000
64745.4609375000000000000000000
63280.8750000000000000000000000
61854.0781250000000000000000000
60464.2539062500000000000000000
59109.2500000000000000000000000
57789.5000000000000000000000000
56503.1914062500000000000000000
55248.8593750000000000000000000
54026.5195312500000000000000000
52835.0546875000000000000000000
51674.0820312500000000000000000
50541.3984375000000000000000000
49437.7343750000000000000000000
48360.8515625000000000000000000
47310.8867187500000000000000000
46287.2929687500000000000000000
45289.2226562500000000000000000
44314.8476562500000000000000000
43364.3632812500000000000000000
42437.0664062500000000000000000
41532.6523437500000000000000000
40650.2070312500000000000000000
39789.3046875000000000000000000
38949.2070312500000000000000000
38128.8671875000000000000000000
37328.3242187500000000000000000
36546.9062500000000000000000000
35784.4375000000000000000000000
35040.1289062500000000000000000
34313.1914062500000000000000000
33603.4140625000000000000000000
32910.5937500000000000000000000
32233.8066406250000000000000000
31572.9257812500000000000000000
30927.4238281250000000000000000
30297.2656250000000000000000000
29681.6015625000000000000000000
29079.9707031250000000000000000
28492.5332031250000000000000000
27918.4140625000000000000000000
27357.5527343750000000000000000
26809.5761718750000000000000000
26274.1015625000000000000000000
25750.6972656250000000000000000
25239.3320312500000000000000000
24739.4550781250000000000000000
24250.7187500000000000000000000
23773.4042968750000000000000000
23306.3574218750000000000000000
22849.9042968750000000000000000
22403.7343750000000000000000000
21967.4726562500000000000000000
21540.9589843750000000000000000
21123.5976562500000000000000000
20715.7031250000000000000000000
20316.8359375000000000000000000
19926.5996093750000000000000000
19544.9765625000000000000000000
19171.3496093750000000000000000
18806.2460937500000000000000000
18448.9238281250000000000000000
18099.4707031250000000000000000
17757.3007812500000000000000000
17422.7714843750000000000000000
17095.2363281250000000000000000
16775.0507812500000000000000000
16461.2265625000000000000000000
16154.2246093750000000000000000
15854.0009765625000000000000000
15560.0625000000000000000000000
15272.2470703125000000000000000
14990.5048828125000000000000000
14714.6152343750000000000000000
14444.5781250000000000000000000
14180.2851562500000000000000000
13921.3339843750000000000000000
13667.8369140625000000000000000
13419.6191406250000000000000000
13176.5322265625000000000000000
12938.5117187500000000000000000
12705.2587890625000000000000000
12476.9970703125000000000000000
12253.2509765625000000000000000
12034.1542968750000000000000000
11819.4570312500000000000000000
11609.2070312500000000000000000
11403.2080078125000000000000000
11201.4472656250000000000000000
11003.6083984375000000000000000
10809.7880859375000000000000000
10619.7597656250000000000000000
10433.7392578125000000000000000
10251.3164062500000000000000000
10072.6152343750000000000000000
9897.3125000000000000000000000
9725.6220703125000000000000000
9557.3349609375000000000000000
9392.3642578125000000000000000
9230.5273437500000000000000000
9072.0390625000000000000000000
8916.3818359375000000000000000
8764.0703125000000000000000000
8614.6171875000000000000000000
8468.0166015625000000000000000
8324.2646484375000000000000000
8183.3286132812500000000000000
8045.1088867187500000000000000
7909.5698242187500000000000000
7776.6738281250000000000000000
7646.2583007812500000000000000
7518.3471679687500000000000000
7392.8378906250000000000000000
7269.7519531250000000000000000
7149.0180664062500000000000000
7030.5942382812500000000000000
6914.4067382812500000000000000
6800.2543945312500000000000000
6688.4262695312500000000000000
6578.6401367187500000000000000
6470.8984375000000000000000000
6365.1728515625000000000000000
6261.4809570312500000000000000
6159.6000976562500000000000000
6059.6098632812500000000000000
5961.5776367187500000000000000
5865.2929687500000000000000000
5770.7880859375000000000000000
5677.9814453125000000000000000
5586.9692382812500000000000000
5497.5551757812500000000000000
5409.8193359375000000000000000
5323.6445312500000000000000000
5239.0283203125000000000000000
5155.9672851562500000000000000
5074.3608398437500000000000000
4994.3203125000000000000000000
4915.6762695312500000000000000
4838.3247070312500000000000000
4762.5112304687500000000000000
4688.0473632812500000000000000
4614.8276367187500000000000000
4542.8969726562500000000000000
4472.2832031250000000000000000
4403.0317382812500000000000000
4334.8491210937500000000000000
4267.9477539062500000000000000
4202.2543945312500000000000000
4137.6088867187500000000000000
4074.1394042968750000000000000
4011.8388671875000000000000000
3950.5974121093750000000000000
3890.3549804687500000000000000
3831.2409667968750000000000000
3773.0917968750000000000000000
3716.0026855468750000000000000
3659.8603515625000000000000000
3604.7082519531250000000000000
3550.4846191406250000000000000
3497.1972656250000000000000000
3444.8366699218750000000000000
3393.4104003906250000000000000
3342.7854003906250000000000000
3293.0039062500000000000000000
3244.1259765625000000000000000
3196.0349121093750000000000000
3148.8081054687500000000000000
3102.3549804687500000000000000
3056.6821289062500000000000000
3011.7687988281250000000000000
2967.5769042968750000000000000
2924.2375488281250000000000000
2881.4792480468750000000000000
2839.5139160156250000000000000
2798.2307128906250000000000000
2757.6076660156250000000000000
2717.7231445312500000000000000
2678.4372558593750000000000000
2639.8100585937500000000000000
2601.8557128906250000000000000
2564.4514160156250000000000000
2527.6933593750000000000000000
2491.5686035156250000000000000
2455.9807128906250000000000000
2421.0263671875000000000000000
2386.5993652343750000000000000
2352.7324218750000000000000000
2319.4384765625000000000000000
2286.6665039062500000000000000
2254.4582519531250000000000000
2222.7058105468750000000000000
2191.4877929687500000000000000
2160.7424316406250000000000000
2130.5490722656250000000000000
2100.8176269531250000000000000
2071.5234375000000000000000000
2042.7551269531250000000000000
2014.3933105468750000000000000
1986.4794921875000000000000000
1959.0456542968750000000000000
1932.0095214843750000000000000
1905.4219970703125000000000000
1879.2292480468750000000000000
1853.4439697265625000000000000
1828.0881347656250000000000000
1803.1268310546875000000000000
1778.5341796875000000000000000
1754.3322753906250000000000000
1720.2404785156250000000000000
1674.0067138671875000000000000
1629.1822509765625000000000000
1585.7392578125000000000000000
1543.6004638671875000000000000
1502.7357177734375000000000000
1463.1169433593750000000000000
1424.6710205078125000000000000
1387.3876953125000000000000000
1351.2062988281250000000000000
1316.0980224609375000000000000
1282.0405273437500000000000000
1248.9857177734375000000000000
1216.8846435546875000000000000
1185.7384033203125000000000000
1155.4942626953125000000000000
1126.1341552734375000000000000
1097.6138916015625000000000000
1069.9223632812500000000000000
1043.0268554687500000000000000
1016.8998413085937500000000000
991.5178833007812500000000000
966.8599243164062500000000000
942.8966674804687500000000000
919.6138916015625000000000000
896.9812011718750000000000000
874.9863891601562500000000000
853.6033325195312500000000000
832.8109741210937500000000000
812.6080322265625000000000000
792.9511108398437500000000000
773.8449707031250000000000000
755.2616577148437500000000000
737.1796264648437500000000000
719.6014404296875000000000000
702.4871215820312500000000000
685.8428955078125000000000000
669.6514892578125000000000000
653.8924560546875000000000000
638.5507202148437500000000000
623.6275024414062500000000000
609.1002807617187500000000000
594.9515991210937500000000000
581.1851196289062500000000000
567.7774658203125000000000000
554.7189331054687500000000000
542.0112915039062500000000000
529.6304321289062500000000000
517.5704345703125000000000000
505.8239135742187500000000000
494.3818359375000000000000000
483.2349853515625000000000000
472.3769836425781250000000000
461.7910156250000000000000000
451.4804687500000000000000000
441.4311828613281250000000000
431.6317138671875000000000000
422.0821838378906250000000000
412.7738647460937500000000000
403.7037658691406250000000000
394.8546752929687500000000000
386.2322998046875000000000000
377.8191528320312500000000000
369.6163024902343750000000000
361.6194763183593750000000000
353.8220520019531250000000000
346.2097473144531250000000000
338.7840881347656250000000000
331.5395812988281250000000000
324.4738464355468750000000000
317.5797424316406250000000000
310.8539428710937500000000000
304.2906799316406250000000000
297.8817749023437500000000000
291.6275329589843750000000000
285.5227050781250000000000000
279.5659179687500000000000000
273.7510070800781250000000000
268.0718078613281250000000000
262.5266723632812500000000000
257.1140136718750000000000000
251.8266143798828125000000000
246.6634826660156250000000000
241.6204986572265625000000000
236.6973876953125000000000000
231.8875122070312500000000000
227.1872711181640625000000000
222.5979156494140625000000000
218.1126098632812500000000000
213.7308807373046875000000000
209.4498138427734375000000000
205.2664184570312500000000000
201.1773223876953125000000000
197.1822814941406250000000000
193.2769927978515625000000000
189.4587402343750000000000000
185.7297210693359375000000000
182.0809173583984375000000000
178.5148773193359375000000000
175.0291748046875000000000000
171.6208801269531250000000000
168.2887420654296875000000000
165.0281066894531250000000000
161.8414306640625000000000000
158.7252807617187500000000000
155.6765594482421875000000000
152.6951293945312500000000000
149.7761688232421875000000000
146.9237976074218750000000000
144.1322174072265625000000000
141.4021148681640625000000000
138.7289123535156250000000000
136.1154022216796875000000000
133.5565338134765625000000000
131.0550842285156250000000000
128.6033325195312500000000000
126.2048797607421875000000000
123.8593826293945312500000000
121.5629882812500000000000000
119.3144302368164062500000000
117.1133193969726562500000000
114.9579315185546875000000000
112.8482666015625000000000000
110.7834777832031250000000000
108.7604217529296875000000000
106.7799758911132812500000000
104.8407745361328125000000000
102.9416580200195312500000000
101.0821228027343750000000000
99.2598342895507812500000000
97.4765396118164062500000000
95.7285232543945312500000000
94.0168304443359375000000000
92.3395080566406250000000000
90.6969299316406250000000000
89.0875625610351562500000000
87.5113067626953125000000000
85.9656906127929687500000000
84.4514694213867187500000000
82.9668731689453125000000000
81.5135879516601562500000000
80.0884094238281250000000000
78.6923065185546875000000000
77.3227539062500000000000000
75.9814224243164062500000000
74.6666793823242187500000000
73.3778457641601562500000000
72.1134948730468750000000000
70.8753051757812500000000000
69.6592330932617187500000000
68.4692993164062500000000000
67.3016967773437500000000000
66.1563796997070312500000000
65.0333175659179687500000000
63.9322547912597656250000000
62.8524131774902343750000000
61.7935142517089843750000000
60.7552642822265625000000000
59.7363929748535156250000000
58.7370872497558593750000000
57.7565460205078125000000000
56.7949371337890625000000000
55.8517036437988281250000000
54.9265174865722656250000000
54.0188026428222656250000000
53.1269874572753906250000000
52.2533302307128906250000000
51.3956260681152343750000000
50.5538940429687500000000000
49.7279129028320312500000000
48.9178199768066406250000000
48.1218757629394531250000000
47.3407020568847656250000000
46.5748252868652343750000000
45.8226013183593750000000000
45.0842819213867187500000000
44.3592300415039062500000000
43.6481971740722656250000000
42.9496498107910156250000000
42.2642135620117187500000000
41.5909729003906250000000000
40.9299087524414062500000000
40.2809944152832031250000000
39.6434440612792968750000000
39.0181274414062500000000000
38.4037208557128906250000000
37.7994117736816406250000000
37.2071189880371093750000000
36.6253700256347656250000000
36.0533409118652343750000000
35.4913825988769531250000000
34.9397125244140625000000000
34.3986854553222656250000000
33.8660087585449218750000000
33.3433418273925781250000000
32.8301124572753906250000000
32.3250694274902343750000000
31.8292140960693359375000000
31.3424911499023437500000000
30.8640422821044921875000000
30.3933982849121093750000000
29.9315700531005859375000000
29.4772796630859375000000000
29.0312709808349609375000000
28.5926589965820312500000000
28.1617832183837890625000000
27.7381610870361328125000000
27.3218536376953125000000000
26.9127864837646484375000000
26.5110187530517578125000000
26.1155109405517578125000000
25.7265930175781250000000000
25.3447341918945312500000000
24.9690227508544921875000000
24.6000633239746093750000000
24.2371482849121093750000000
23.8803291320800781250000000
23.5294437408447265625000000
23.1841945648193359375000000
22.8456058502197265625000000
22.5115566253662109375000000
22.1837024688720703125000000
21.8611774444580078125000000
21.5438098907470703125000000
21.2322120666503906250000000
20.9252910614013671875000000
20.6235160827636718750000000
20.3269977569580078125000000
20.0347766876220703125000000
19.7476043701171875000000000
19.4653797149658203125000000
19.1873493194580078125000000
18.9142684936523437500000000
18.6453075408935546875000000
18.3807220458984375000000000
18.1206130981445312500000000
17.8645820617675781250000000
17.6129550933837890625000000
17.3648891448974609375000000
17.1209983825683593750000000
16.8808002471923828125000000
16.6449146270751953125000000
16.4126377105712890625000000
16.1837768554687500000000000
15.9590244293212890625000000
15.7374477386474609375000000
15.5193710327148437500000000
15.3050441741943359375000000
15.0938243865966796875000000
14.8861093521118164062500000
14.6814785003662109375000000
14.4800310134887695312500000
14.2819385528564453125000000
14.0869283676147460937500000
13.8947982788085937500000000
13.7057209014892578125000000
13.4393787384033203125000000
13.0781774520874023437500000
12.7279863357543945312500000
12.3885879516601562500000000
12.0593786239624023437500000
11.7401227951049804687500000
11.4306011199951171875000000
11.1302423477172851562500000
10.8389663696289062500000000
10.5562992095947265625000000
10.2820158004760742187500000
10.0159416198730468750000000
9.7577009201049804687500000
9.5069112777709960937500000
9.2635812759399414062500000
9.0272989273071289062500000
8.7979230880737304687500000
8.5751085281372070312500000
8.3587684631347656250000000
8.1486473083496093750000000
7.9445300102233886718750000
7.7462334632873535156250000
7.5535931587219238281250000
7.3663802146911621093750000
7.1844835281372070312500000
7.0076656341552734375000000
6.8358311653137207031250000
6.6687760353088378906250000
6.5063357353210449218750000
6.3485002517700195312500000
6.1949305534362792968750000
6.0456638336181640625000000
5.9004817008972167968750000
5.7592158317565917968750000
5.6218862533569335937500000
5.4881806373596191406250000
5.3581476211547851562500000
5.2316522598266601562500000
5.1085348129272460937500000
4.9886775016784667968750000
4.8720898628234863281250000
4.7585959434509277343750000
4.6480593681335449218750000
4.5405087471008300781250000
4.4357614517211914062500000
4.3337416648864746093750000
4.2344632148742675781250000
4.1377377510070800781250000
4.0435190200805664062500000
3.9517493247985839843750000
3.8623580932617187500000000
3.7752733230590820312500000
3.6904451847076416015625000
3.6077423095703125000000000
3.5271911621093750000000000
3.4486811161041259765625000
3.3721227645874023437500000
3.2975170612335205078125000
3.2247958183288574218750000
3.1539356708526611328125000
3.0848021507263183593750000
3.0174398422241210937500000
2.9517121315002441406250000
2.8876273632049560546875000
2.8251521587371826171875000
2.7642347812652587890625000
2.7047636508941650390625000
2.6467506885528564453125000
2.5901529788970947265625000
2.5349519252777099609375000
2.4810917377471923828125000
2.4285464286804199218750000
2.3772709369659423828125000
2.3272013664245605468750000
2.2783401012420654296875000
2.2306461334228515625000000
2.1841087341308593750000000
2.1386797428131103515625000
2.0943109989166259765625000
2.0509896278381347656250000
2.0087032318115234375000000
1.9673954248428344726562500
1.9270584583282470703125000
1.8876601457595825195312500
1.8491983413696289062500000
1.8116211891174316406250000
1.7749005556106567382812500
1.7390462160110473632812500
1.7040047645568847656250000
1.6697725057601928710937500
1.6363266706466674804687500
1.6036438941955566406250000
1.5716978311538696289062500
1.5404865741729736328125000
1.5099765062332153320312500
1.4801464080810546875000000
1.4510134458541870117187500
1.4225071668624877929687500
1.3946474790573120117187500
1.3674154281616210937500000
1.3407881259918212890625000
1.3147557973861694335937500
1.2892820835113525390625000
1.2643861770629882812500000
1.2400412559509277343750000
1.2162231206893920898437500
1.1929306983947753906250000
1.1701263189315795898437500
1.1478421688079833984375000
1.1260329484939575195312500
1.1047040224075317382812500
1.0838196277618408203125000
1.0634015798568725585937500
1.0434104204177856445312500
1.0238678455352783203125000
1.0047135353088378906250000
0.9859756231307983398437500
0.9676514267921447753906250
0.9497108459472656250000000
0.9321439862251281738281250
0.9149478077888488769531250
0.8981088399887084960937500
0.8816270828247070312500000
0.8654959201812744140625000
0.8496907949447631835937500
0.8342185616493225097656250
0.8190685510635375976562500
0.8042317032814025878906250
0.7897040843963623046875000
0.7754674553871154785156250
0.7615354657173156738281250
0.7478790879249572753906250
0.7345064878463745117187500
0.7214024066925048828125000
0.7085697650909423828125000
0.6959965825080871582031250
0.6836820840835571289062500
0.6716069579124450683593750
0.6597771048545837402343750
0.6481786966323852539062500
0.6368249058723449707031250
0.6256906986236572265625000
0.6147836446762084960937500
0.6040840148925781250000000
0.5936048626899719238281250
0.5833334326744079589843750
0.5732644200325012207031250
0.5633866786956787109375000
0.5537133216857910156250000
0.5442127585411071777343750
0.5349164009094238281250000
0.5257945060729980468750000
0.5168467164039611816406250
0.5080727934837341308593750
0.4994707405567169189453125
0.4910344779491424560546875
0.4827618300914764404296875
0.4746505022048950195312500
0.4666905701160430908203125
0.4588834941387176513671875
0.4512230157852172851562500
0.4437104463577270507812500
0.4363414347171783447265625
0.4291134178638458251953125
0.4220218956470489501953125
0.4150545895099639892578125
0.4082291424274444580078125
0.4015283286571502685546875
0.3949522972106933593750000
0.3884993195533752441406250
0.3821704685688018798828125
0.3759521543979644775390625
0.3698492348194122314453125
0.3638658225536346435546875
0.3579890727996826171875000
0.3522209525108337402343750
0.3465564846992492675781250
0.3410015404224395751953125
0.3355441391468048095703125
0.3301891684532165527343750
0.3249294757843017578125000
0.3197649121284484863281250
0.3146952688694000244140625
0.3097144067287445068359375
0.3048291206359863281250000
0.3000290691852569580078125
0.2953079044818878173828125
0.2906806170940399169921875
0.2861357033252716064453125
0.2816667258739471435546875
0.2772764265537261962890625
0.2729665040969848632812500
0.2687397301197052001953125
0.2645781934261322021484375
0.2604948580265045166015625
0.2564852535724639892578125
0.2525396049022674560546875
0.2486657351255416870117188
0.2448632121086120605468750
0.2411253303289413452148438
0.2374484241008758544921875
0.2338403910398483276367188
0.2302912473678588867187500
0.2268068045377731323242188
0.2233801484107971191406250
0.2200139313936233520507813
0.2167043834924697875976563
0.2134519815444946289062500
0.2102561444044113159179688
0.2071173340082168579101563
0.2040274292230606079101563
0.2009890079498291015625000
0.1980057358741760253906250
0.1950704902410507202148438
0.1921879947185516357421875
0.1893527209758758544921875
0.1865650713443756103515625
0.1838237792253494262695313
0.1811265200376510620117188
0.1784812957048416137695313
0.1758715361356735229492188
0.1733101755380630493164063
0.1707904487848281860351563
0.1683110147714614868164063
0.1658766567707061767578125
0.1634788364171981811523438
0.1611212193965911865234375
0.1588046699762344360351563
0.1565216928720474243164063
0.1542781591415405273437500
0.1520732790231704711914063
0.1499011665582656860351563
0.1477677226066589355468750
0.1456664651632308959960938
0.1435993909835815429687500
0.1415672898292541503906250
0.1395670473575592041015625
0.1376012116670608520507813
0.1356631964445114135742188
0.1337577998638153076171875
0.1318812519311904907226563
0.1300383955240249633789063
0.1282237321138381958007813
0.1264357566833496093750000
0.1246798783540725708007813
0.1229488104581832885742188
0.1212450861930847167968750
0.1195706576108932495117188
0.1179205030202865600585938
0.1162977293133735656738281
0.1146990507841110229492188
0.1131252422928810119628906
0.1115776449441909790039063
0.1100541278719902038574219
0.1085531115531921386718750
0.1070759445428848266601563
0.1049951463937759399414063
0.1021732613444328308105469
0.0994373932480812072753906
0.0967858433723449707031250
0.0942138954997062683105469
0.0917197093367576599121094
0.0893015712499618530273438
0.0869550183415412902832031
0.0846794247627258300781250
0.0824710875749588012695313
0.0803282484412193298339844
0.0782495439052581787109375
0.0762320384383201599121094
0.0742727443575859069824219
0.0723717287182807922363281
0.0705257728695869445800781
0.0687337741255760192871094
0.0669930353760719299316406
0.0653028786182403564453125
0.0636613070964813232421875
0.0620666407048702239990234
0.0605174489319324493408203
0.0590124465525150299072266
0.0575498454272747039794922
0.0561287775635719299316406
0.0547473877668380737304688
0.0534049309790134429931641
0.0520998127758502960205078
0.0508307479321956634521484
0.0495976582169532775878906
0.0483978949487209320068359
0.0472317487001419067382813
0.0460975132882595062255859
0.0449938736855983734130859
0.0439209863543510437011719
0.0428764112293720245361328
0.0418605282902717590332031
0.0408722832798957824707031
0.0399104282259941101074219
0.0389740429818630218505859
0.0380632020533084869384766
0.0371765308082103729248047
0.0363129638135433197021484
0.0354727245867252349853516
0.0346543863415718078613281
0.0338573567569255828857422
0.0330817438662052154541016
0.0323260761797428131103516
0.0315899923443794250488281
0.0308730415999889373779297
0.0301746726036071777343750
0.0294943228363990783691406
0.0288316030055284500122070
0.0281854867935180664062500
0.0275561809539794921875000
0.0269428212195634841918945
0.0263447090983390808105469
0.0257618520408868789672852
0.0251937173306941986083984
0.0246401224285364151000977
0.0241000168025493621826172
0.0235737487673759460449219
0.0230602510273456573486328
0.0225595887750387191772461
0.0220715012401342391967773
0.0215955842286348342895508
0.0211309660226106643676758
0.0206777397543191909790039
0.0202355701476335525512695
0.0198043119162321090698242
0.0193835292011499404907227
0.0189730189740657806396484
0.0185724291950464248657227
0.0181812606751918792724609
0.0177995320409536361694336
0.0174269229173660278320313
0.0170633494853973388671875
0.0167084354907274246215820
0.0163618046790361404418945
0.0160233564674854278564453
0.0156929939985275268554688
0.0153702767565846443176270
0.0150551442056894302368164
0.0147473448887467384338379
0.0144468620419502258300781
0.0141532905399799346923828
0.0138664105907082557678223
0.0135862985625863075256348
0.0133125372231006622314453
0.0130450977012515068054199
0.0127838021144270896911621
0.0125284679234027862548828
0.0122788893058896064758301
0.0120350513607263565063477
0.0117966914549469947814941
0.0115636438131332397460938
0.0113360425457358360290527
0.0111133372411131858825684
0.0108956834301352500915527
0.0106829330325126647949219
0.0104749072343111038208008
0.0102715296670794486999512
0.0100725162774324417114258
0.0098780170083045959472656
0.0096878223121166229248047
0.0095017431303858757019043
0.0093197710812091827392578
0.0091416118666529655456543
0.0089675169438123703002930
0.0087971324101090431213379
0.0086305001750588417053223
0.0084673408418893814086914
0.0083078248426318168640137
0.0081516439095139503479004
0.0079989675432443618774414
0.0078493244946002960205078
0.0077029345557093620300293
0.0075597767718136310577393
0.0074196159839630126953125
0.0072823748923838138580322
0.0071480297483503818511963
0.0070164753124117851257324
0.0068877115845680236816406
0.0067616868764162063598633
0.0066382093355059623718262
0.0065173325128853321075439
0.0063989730551838874816895
0.0062830601818859577178955
0.0061695631593465805053711
0.0060583394952118396759033
0.0059494958259165287017822
0.0058428053744137287139893
0.0057383319362998008728027
0.0056359563022851943969727
0.0055357012897729873657227
0.0054374733008444309234619
0.0053412662819027900695801
0.0052469293586909770965576
0.0051545086316764354705811
0.0050638960674405097961426
0.0049751945771276950836182
0.0048882085829973220825195
0.0048029972240328788757324
0.0047194063663482666015625
0.0046375379897654056549072
0.0045572924427688121795654
0.0044786282815039157867432
0.0044014584273099899291992
0.0043258853256702423095703
0.0042516621761023998260498
0.0041790343821048736572266
0.0041077695786952972412109
0.0040378649719059467315674
0.0039693186990916728973389
0.0039021151605993509292603
0.0038362068589776754379272
0.0037715767975896596908569
0.0037082070484757423400879
0.0036460200790315866470337
0.0035850272979587316513062
0.0035251798108220100402832
0.0034664878621697425842285
0.0034089174587279558181763
0.0033524485770612955093384
0.0032970460597425699234009
0.0032426139805465936660767
0.0031892901752144098281860
0.0031369400676339864730835
0.0030855648219585418701172
0.0030351509340107440948486
0.0029857067856937646865845
0.0029371262062340974807739
0.0028894471470266580581665
0.0028427017387002706527710
0.0027967896312475204467773
0.0027517261914908885955811
0.0027074725367128849029541
0.0026640745345503091812134
0.0026214385870844125747681
0.0025796028785407543182373
0.0025385115295648574829102
0.0024981633760035037994385
0.0024585567880421876907349
0.0024196438025683164596558
0.0023814775049686431884766
0.0023439771030098199844360
0.0023070930037647485733032
0.0022709423210471868515015
0.0022354351822286844253540
0.0022005212958902120590210
0.0021662220824509859085083
0.0021325508132576942443848
0.0020995291415601968765259
0.0020670171361416578292847
0.0020351160783320665359497
0.0020037910435348749160767
0.0019729656632989645004272
0.0019427010556682944297791
0.0019129938445985317230225
0.0018837916431948542594910
0.0018550658132880926132202
0.0018268780549988150596619
0.0017991503700613975524902
0.0017719281604513525962830
0.0017451574094593524932861
0.0017188588390126824378967
0.0016930029960349202156067
0.0016675936058163642883301
0.0016426261281594634056091
0.0016181041719391942024231
0.0015939642908051609992981
0.0015702266246080398559570
0.0015469198115170001983643
0.0015239882050082087516785
0.0015014687087386846542358
0.0014793181326240301132202
0.0014575396198779344558716
0.0014361232751980423927307
0.0014150509377941489219666
0.0013943851226940751075745
0.0013739963760599493980408
0.0013539857463911175727844
0.0013343003811314702033997
0.0013149298029020428657532
0.0012959113810211420059204
0.0012771784095093607902527
0.0012587595265358686447144
0.0012406614841893315315247
0.0012228257255628705024719
0.0012052981182932853698730
0.0011880724923685193061829
0.0011711028637364506721497
0.0011544353328645229339600
0.0011380192590877413749695
0.0011218702420592308044434
0.0011059944517910480499268
0.0010903675574809312820435
0.0010750094661489129066467
0.0010598687222227454185486
0.0010449828114360570907593
0.0010303222807124257087708
0.0010159249650314450263977
0.0010017479071393609046936
0.0009877793490886688232422
0.0009740615496411919593811
0.0009605375817045569419861
0.0009472272358834743499756
0.0009341457625851035118103
0.0009212539298459887504578
0.0009085760102607309818268
0.0008960863342508673667908
0.0008837909554131329059601
0.0008717003511264920234680
0.0008597978739999234676361
0.0008480711840093135833740
0.0008365308167412877082825
0.0008202745812013745307922
0.0007982286042533814907074
0.0007768546347506344318390
0.0007561394013464450836182
0.0007360460585914552211761
0.0007165602291934192180634
0.0006976685253903269767761
0.0006793360807932913303375
0.0006615580059587955474854
0.0006443053716793656349182
0.0006275644409470260143280
0.0006113245617598295211792
0.0005955628002993762493134
0.0005802558152936398983002
0.0005654041306115686893463
0.0005509826005436480045319
0.0005369826103560626506805
0.0005233830888755619525909
0.0005101787392050027847290
0.0004973539616912603378296
0.0004848956305067986249924
0.0004727925697807222604752
0.0004610347386915236711502
0.0004496081674005836248398
0.0004385060747154057025909
0.0004277139669284224510193
0.0004172260232735425233841
0.0004070297873113304376602
0.0003971152182202786207199
0.0003874817048199474811554
0.0003781085542868822813034
0.0003689980367198586463928
0.0003601368225645273923874
0.0003515146381687372922897
0.0003431327058933675289154
0.0003349719627294689416885
0.0003270353772677481174469
0.0003193147131241858005524
0.0003118002205155789852142
0.0003044847107958048582077
0.0002973687660414725542068
0.0002904416469391435384750
0.0002836950297933071851730
0.0002771306608337908983231
0.0002707373932935297489166
0.0002645105996634811162949
0.0002584511239547282457352
0.0002525474701542407274246
0.0002467968151904642581940
0.0002411956374999135732651
0.0002357396297156810760498
0.0002304243971593677997589
0.0002252468984806910157204
0.0002201991155743598937988
0.0002152826637029647827148
0.0002104907907778397202492
0.0002058180398307740688324
0.0002012644690694287419319
0.0001968259166460484266281
0.0001925009564729407429695
0.0001882813812699168920517
0.0001841699122451245784760
0.0001801582111511379480362
0.0001762467873049899935722
0.0001724336034385487437248
0.0001687155017862096428871
0.0001650856720516458153725
0.0001615448418306186795235
0.0001580903917783871293068
0.0001547211868455633521080
0.0001514338218839839100838
0.0001482267107348889112473
0.0001450971030863001942635
0.0001420410990249365568161
0.0001390588440699502825737
0.0001361478352919220924377
0.0001333074178546667098999
0.0001305346522713080048561
0.0001278265990549698472023
0.0001251824724022299051285
0.0001226015156134963035583
0.0001200802871608175337315
0.0001176183141069486737251
0.0001152136319433338940144
0.0001128661097027361392975
0.0001105725823435932397842
0.0001083313327399082481861
0.0001061429575202055275440
0.0001040041970554739236832
0.0001019148257910273969173
0.0000998734540189616382122
0.0000978786556515842676163
0.0000959288227022625505924
0.0000940238387556746602058
0.0000921616519917733967304
0.0000903409672901034355164
0.0000885628323885612189770
0.0000868229471961967647076
0.0000851225267979316413403
0.0000834604143165051937103
0.0000818352127680554986000
0.0000802463255240581929684
0.0000786915334174409508705
0.0000771720078773796558380
0.0000756861118134111166000
0.0000742323682061396539211
0.0000728107115719467401505
0.0000714188427082262933254
0.0000700587261235341429710
0.0000687275969539768993855
0.0000674257826176472008228
0.0000661511003272607922554
0.0000649048815830610692501
0.0000636847180430777370930
0.0000624919339315965771675
0.0000613228476140648126602
0.0000601791762164793908596
0.0000590607560297939926386
0.0000579657498747110366821
0.0000568935538467485457659
0.0000558439824089873582125
0.0000548162133782170712948
0.0000538102467544376850128
0.0000528256787220016121864
0.0000518610104336403310299
0.0000509166602569166570902
0.0000499919769936241209507
0.0000490864076709840446711
0.0000481997121823951601982
0.0000473307773063424974680
0.0000464804361399728804827
0.0000456469169876072555780
0.0000448307182523421943188
0.0000440309086116030812263
0.0000432476663263514637947
0.0000424802601628471165895
0.0000417286428273655474186
0.0000409916356147732585669
0.0000402695986849721521139
0.0000395616880268789827824
0.0000388687076338101178408
0.0000381891295546665787697
0.0000375234158127568662167
0.0000368703622370958328247
0.0000362307655450422316790
0.0000356038472091313451529
0.0000349892834492493420839
0.0000343863939633592963219
0.0000337959791067987680435
0.0000332161107507999986410
0.0000326487061101943254471
0.0000320919498335570096970
0.0000315458200930152088404
0.0000310103023366536945105
0.0000304852746921824291348
0.0000299703660857630893588
0.0000294654437311692163348
0.0000289703675662167370319
0.0000284845318674342706800
0.0000280080257653025910258
0.0000275404672720469534397
0.0000270819364232011139393
0.0000266321676463121548295
0.0000261910045082913711667
0.0000257581723417388275266
0.0000253329217230202630162
0.0000249163294938625767827
0.0000245073442783905193210
0.0000241059751715511083603
0.0000237121166719589382410
0.0000233258342632325366139
0.0000229462984862038865685
0.0000225738058361457660794
0.0000222086073335958644748
0.0000218499189941212534904
0.0000214978608710225671530
0.0000211521291930694133043
0.0000208130823011742904782
0.0000204799889615969732404
0.0000201531474885996431112
0.0000198321213247254490852
0.0000195169013750273734331
0.0000192074749065795913339
0.0000189034672075649723411
0.0000186052930075675249100
0.0000183123211172642186284
0.0000180241640919120982289
0.0000177417368831811472774
0.0000174643373611615970731
0.0000171915726241422817111
0.0000169236100191483274102
0.0000166605532285757362843
0.0000164025714184390380979
0.0000161485713761067017913
0.0000158993443619692698121
0.0000156546175276162102818
0.0000154137942445231601596
0.0000151773519974085502326
0.0000149452644109260290861
0.0000147171222124597989023
0.0000144927016663132235408
0.0000142724848046782426536
0.0000140558622661046683788
0.0000138431887535261921585
0.0000136340422614011913538
0.0000134285846797865815461
0.0000132265859065228141844
0.0000130280750454403460026
0.0000128330166262458078563
0.0000126414388432749547064
0.0000124528460219153203070
0.0000122673955047503113747
0.0000120853110274765640497
0.0000119061578516266308725
0.0000117302242870209738612
0.0000115571729111252352595
0.0000113870282802963629365
0.0000112197130874847061932
0.0000110550854515167884529
0.0000108936337710474617779
0.0000107343466879683546722
0.0000105780136436806060374
0.0000104242217275896109641
0.0000102728890851722098887
0.0000101243076642276719213
0.0000099779563242918811738
0.0000098340588010614737868
0.0000096926678452291525900
0.0000095533259809599258006
0.0000094163915491662919521
0.0000092818163466290570796
0.0000091492411229410208762
0.0000090190260380040854216
0.0000088907754616229794919
0.0000087646112660877406597
0.0000086405816546175628901
0.0000085184965428197756410
0.0000083985114542883820832
0.0000082802243923651985824
0.0000081639282143441960216
0.0000080493928180658258498
0.0000079369137893081642687
0.0000078261555245262570679
0.0000077170261647552251816
0.0000076098558565718121827
0.0000075041998570668511093
0.0000074002127803396433592
0.0000072980137701961211860
0.0000071972963269217871130
0.0000070982500801619607955
0.0000070006744863349013031
0.0000069046168391651008278
0.0000068101589931757189333
0.0000067171708906244020909
0.0000066255561250727623701
0.0000065353970057913102210
