1434195.1250000000000000000000000
1417547.7500000000000000000000000
1401146.2500000000000000000000000
1385005.5000000000000000000000000
1369120.6250000000000000000000000
1353466.0000000000000000000000000
1338056.2500000000000000000000000
1322870.8750000000000000000000000
1307924.1250000000000000000000000
1293190.0000000000000000000000000
1278682.6250000000000000000000000
1264396.1250000000000000000000000
1250324.0000000000000000000000000
1236460.0000000000000000000000000
1222782.0000000000000000000000000
1209314.3750000000000000000000000
1196055.8750000000000000000000000
1182973.1250000000000000000000000
1170090.8750000000000000000000000
1157391.2500000000000000000000000
1144861.7500000000000000000000000
1132542.8750000000000000000000000
1120390.1250000000000000000000000
1108395.5000000000000000000000000
1096589.2500000000000000000000000
1084941.8750000000000000000000000
1073456.3750000000000000000000000
1062124.6250000000000000000000000
1050971.3750000000000000000000000
1039961.1250000000000000000000000
1029112.9375000000000000000000000
1018402.0000000000000000000000000
1007853.0625000000000000000000000
997435.2500000000000000000000000
987179.0000000000000000000000000
977042.0625000000000000000000000
967060.3750000000000000000000000
957202.5625000000000000000000000
947482.1875000000000000000000000
937884.5000000000000000000000000
928434.4375000000000000000000000
919105.8125000000000000000000000
909900.5000000000000000000000000
900809.1875000000000000000000000
891839.6875000000000000000000000
882999.6875000000000000000000000
874273.8750000000000000000000000
865646.5625000000000000000000000
857148.8125000000000000000000000
848753.3125000000000000000000000
840470.5625000000000000000000000
832302.3125000000000000000000000
824226.8125000000000000000000000
816266.3750000000000000000000000
808410.8125000000000000000000000
800646.8750000000000000000000000
792979.0000000000000000000000000
785408.8125000000000000000000000
777941.0000000000000000000000000
770567.8750000000000000000000000
763281.8750000000000000000000000
756093.6250000000000000000000000
748992.2500000000000000000000000
741982.2500000000000000000000000
735055.8125000000000000000000000
728220.3750000000000000000000000
721468.1250000000000000000000000
714787.8125000000000000000000000
708199.4375000000000000000000000
701698.0625000000000000000000000
695262.9375000000000000000000000
688914.0625000000000000000000000
682637.0000000000000000000000000
676445.4375000000000000000000000
670312.1250000000000000000000000
664269.8125000000000000000000000
658294.2500000000000000000000000
652389.6250000000000000000000000
646550.6875000000000000000000000
640794.4375000000000000000000000
635096.1875000000000000000000000
629463.3750000000000000000000000
623900.1875000000000000000000000
618394.6250000000000000000000000
612957.3750000000000000000000000
607596.0000000000000000000000000
602291.7500000000000000000000000
597048.8125000000000000000000000
591861.4375000000000000000000000
586737.0625000000000000000000000
581670.0625000000000000000000000
576661.0625000000000000000000000
571711.1250000000000000000000000
566820.9375000000000000000000000
561974.4375000000000000000000000
557185.9375000000000000000000000
552463.0000000000000000000000000
547792.9375000000000000000000000
543159.3750000000000000000000000
538586.8750000000000000000000000
534069.3750000000000000000000000
529600.7500000000000000000000000
525185.1875000000000000000000000
520806.0625000000000000000000000
516488.2500000000000000000000000
512218.6250000000000000000000000
507987.2812500000000000000000000
503798.4375000000000000000000000
499666.7187500000000000000000000
495575.1562500000000000000000000
491535.0000000000000000000000000
487522.0937500000000000000000000
483572.4062500000000000000000000
479643.9375000000000000000000000
475780.0000000000000000000000000
471938.3750000000000000000000000
468151.7187500000000000000000000
464402.7500000000000000000000000
460699.1875000000000000000000000
457027.1250000000000000000000000
453390.6250000000000000000000000
449801.2187500000000000000000000
446237.4375000000000000000000000
442718.1250000000000000000000000
439240.0312500000000000000000000
435796.3437500000000000000000000
432383.9062500000000000000000000
429010.5312500000000000000000000
425663.7187500000000000000000000
422368.0000000000000000000000000
419097.8750000000000000000000000
415855.6250000000000000000000000
412654.6875000000000000000000000
409484.3125000000000000000000000
406346.8437500000000000000000000
403242.5937500000000000000000000
400162.6250000000000000000000000
397122.4375000000000000000000000
394105.3437500000000000000000000
391123.1250000000000000000000000
388176.1875000000000000000000000
385251.5625000000000000000000000
382363.0000000000000000000000000
379483.9687500000000000000000000
376651.4062500000000000000000000
373848.3125000000000000000000000
371065.4062500000000000000000000
368314.5625000000000000000000000
365594.2812500000000000000000000
362883.4375000000000000000000000
360221.3750000000000000000000000
357567.3750000000000000000000000
354949.1562500000000000000000000
352359.1875000000000000000000000
349788.0312500000000000000000000
347241.7187500000000000000000000
344728.6875000000000000000000000
342231.2187500000000000000000000
339755.5937500000000000000000000
337312.1562500000000000000000000
334887.1250000000000000000000000
332486.8125000000000000000000000
330105.4062500000000000000000000
327753.3437500000000000000000000
325420.7500000000000000000000000
323107.9062500000000000000000000
320821.1562500000000000000000000
318550.5625000000000000000000000
316306.5625000000000000000000000
314081.3125000000000000000000000
311881.1562500000000000000000000
309691.9687500000000000000000000
307526.2812500000000000000000000
305388.5000000000000000000000000
303258.1875000000000000000000000
301160.4375000000000000000000000
299070.5625000000000000000000000
297009.5937500000000000000000000
294963.1562500000000000000000000
292933.5312500000000000000000000
290929.3437500000000000000000000
288931.9062500000000000000000000
286960.2812500000000000000000000
285010.5937500000000000000000000
283074.5312500000000000000000000
281156.5312500000000000000000000
279250.4062500000000000000000000
277364.8750000000000000000000000
275497.9375000000000000000000000
273643.4687500000000000000000000
271808.0000000000000000000000000
269989.5937500000000000000000000
268190.6562500000000000000000000
266404.8125000000000000000000000
264636.5937500000000000000000000
262881.8437500000000000000000000
261138.5312500000000000000000000
259413.3593750000000000000000000
257704.3281250000000000000000000
256013.8125000000000000000000000
254337.5781250000000000000000000
252667.0156250000000000000000000
251017.6093750000000000000000000
249383.0156250000000000000000000
247763.2968750000000000000000000
246156.4843750000000000000000000
244560.4062500000000000000000000
242981.9531250000000000000000000
241414.5468750000000000000000000
239869.5625000000000000000000000
238329.2031250000000000000000000
236798.0625000000000000000000000
235285.2812500000000000000000000
233784.2500000000000000000000000
232297.3906250000000000000000000
230822.5312500000000000000000000
229357.5468750000000000000000000
227907.1093750000000000000000000
226466.8125000000000000000000000
225045.9218750000000000000000000
223628.5156250000000000000000000
222228.5156250000000000000000000
220839.1406250000000000000000000
219453.5625000000000000000000000
218092.7187500000000000000000000
216733.5781250000000000000000000
215390.1718750000000000000000000
214060.3281250000000000000000000
212732.4687500000000000000000000
211417.1875000000000000000000000
210121.6562500000000000000000000
208829.5937500000000000000000000
207549.2968750000000000000000000
206278.5156250000000000000000000
205018.5468750000000000000000000
203773.0468750000000000000000000
202533.8437500000000000000000000
201305.7656250000000000000000000
200081.7656250000000000000000000
198876.2500000000000000000000000
197675.0000000000000000000000000
196490.0937500000000000000000000
195307.2343750000000000000000000
194133.6875000000000000000000000
192976.8125000000000000000000000
191820.9843750000000000000000000
190680.8437500000000000000000000
189546.7656250000000000000000000
188422.4843750000000000000000000
187304.4531250000000000000000000
186193.9375000000000000000000000
185097.1406250000000000000000000
184005.6093750000000000000000000
182928.0156250000000000000000000
181853.3750000000000000000000000
180790.3750000000000000000000000
179274.3906250000000000000000000
177193.4687500000000000000000000
175143.2812500000000000000000000
173125.6875000000000000000000000
171140.0781250000000000000000000
169183.2500000000000000000000000
167257.0312500000000000000000000
165358.8593750000000000000000000
163490.5156250000000000000000000
161648.7500000000000000000000000
159835.3281250000000000000000000
158049.5156250000000000000000000
156290.5000000000000000000000000
154557.5000000000000000000000000
152847.7500000000000000000000000
151164.2968750000000000000000000
149506.9843750000000000000000000
147871.6406250000000000000000000
146261.3593750000000000000000000
144673.9062500000000000000000000
143107.7187500000000000000000000
141567.8593750000000000000000000
140048.7656250000000000000000000
138549.4375000000000000000000000
137073.6562500000000000000000000
135617.7343750000000000000000000
134182.0468750000000000000000000
132765.5781250000000000000000000
131371.4218750000000000000000000
129995.1406250000000000000000000
128639.1171875000000000000000000
127300.2500000000000000000000000
125981.6328125000000000000000000
124679.4062500000000000000000000
123397.3750000000000000000000000
122130.2578125000000000000000000
120882.5468750000000000000000000
119650.3203125000000000000000000
118435.2734375000000000000000000
117235.5625000000000000000000000
116054.3046875000000000000000000
114888.2265625000000000000000000
113737.5625000000000000000000000
112601.1484375000000000000000000
111479.9609375000000000000000000
110374.9609375000000000000000000
109284.2343750000000000000000000
108205.8203125000000000000000000
107143.6015625000000000000000000
106094.1640625000000000000000000
105058.8203125000000000000000000
104037.7890625000000000000000000
103028.3515625000000000000000000
102033.2968750000000000000000000
101051.3515625000000000000000000
100080.8593750000000000000000000
99122.3750000000000000000000000
98176.1015625000000000000000000
97242.6250000000000000000000000
96320.9843750000000000000000000
95410.2343750000000000000000000
94511.7031250000000000000000000
93624.0312500000000000000000000
92747.7812500000000000000000000
91881.9765625000000000000000000
91027.5468750000000000000000000
90183.5156250000000000000000000
89348.4765625000000000000000000
88524.9296875000000000000000000
87712.2578125000000000000000000
86907.8671875000000000000000000
86114.2578125000000000000000000
85329.6250000000000000000000000
84555.6796875000000000000000000
83789.0156250000000000000000000
83033.7265625000000000000000000
82286.7812500000000000000000000
81548.7031250000000000000000000
80818.8359375000000000000000000
80099.3046875000000000000000000
79387.0234375000000000000000000
78682.9218750000000000000000000
77987.5234375000000000000000000
77299.3281250000000000000000000
76619.6718750000000000000000000
75949.5000000000000000000000000
75286.4687500000000000000000000
74631.1015625000000000000000000
73982.6796875000000000000000000
73342.1328125000000000000000000
72708.7578125000000000000000000
72082.6328125000000000000000000
71463.8906250000000000000000000
70852.6171875000000000000000000
70246.8046875000000000000000000
69648.2421875000000000000000000
69057.8750000000000000000000000
68474.1171875000000000000000000
67894.9218750000000000000000000
67323.3593750000000000000000000
66758.6718750000000000000000000
66200.0937500000000000000000000
65648.1484375000000000000000000
65100.7578125000000000000000000
64561.0312500000000000000000000
64027.3281250000000000000000000
63498.4101562500000000000000000
62974.8046875000000000000000000
62458.3398437500000000000000000
61946.8945312500000000000000000
61441.8750000000000000000000000
60940.2617187500000000000000000
60446.5507812500000000000000000
59955.4921875000000000000000000
59472.5000000000000000000000000
58992.2968750000000000000000000
58518.9648437500000000000000000
58050.3437500000000000000000000
57587.3984375000000000000000000
57128.3906250000000000000000000
56673.8281250000000000000000000
56225.1523437500000000000000000
55779.6796875000000000000000000
55339.7656250000000000000000000
54905.0039062500000000000000000
54474.5429687500000000000000000
54047.9882812500000000000000000
53626.3164062500000000000000000
53207.9648437500000000000000000
52796.0000000000000000000000000
52387.2343750000000000000000000
51981.9531250000000000000000000
51581.8359375000000000000000000
51185.5390625000000000000000000
50793.3554687500000000000000000
50405.3242187500000000000000000
50020.3281250000000000000000000
49640.3046875000000000000000000
49263.1679687500000000000000000
48890.3906250000000000000000000
48522.0234375000000000000000000
48156.4453125000000000000000000
47795.3750000000000000000000000
47435.4960937500000000000000000
47081.4257812500000000000000000
46731.0390625000000000000000000
46383.1757812500000000000000000
46039.3203125000000000000000000
45699.2851562500000000000000000
45360.4296875000000000000000000
45027.6718750000000000000000000
44695.9218750000000000000000000
44368.6445312500000000000000000
44044.8984375000000000000000000
43723.5039062500000000000000000
43405.2148437500000000000000000
43091.0859375000000000000000000
42778.9023437500000000000000000
42469.4492187500000000000000000
42164.0195312500000000000000000
41860.8906250000000000000000000
41560.8515625000000000000000000
41263.1757812500000000000000000
40969.1679687500000000000000000
40677.5937500000000000000000000
40388.4882812500000000000000000
40102.6445312500000000000000000
39818.8203125000000000000000000
39538.3203125000000000000000000
39260.1640625000000000000000000
38985.1445312500000000000000000
38711.4960937500000000000000000
38440.7851562500000000000000000
38173.5625000000000000000000000
37907.2734375000000000000000000
37645.0546875000000000000000000
37383.8203125000000000000000000
37126.1992187500000000000000000
36870.3945312500000000000000000
36616.6914062500000000000000000
36366.1679687500000000000000000
36116.4882812500000000000000000
35870.0351562500000000000000000
35626.3242187500000000000000000
35384.3164062500000000000000000
35144.5664062500000000000000000
34906.3007812500000000000000000
34670.6093750000000000000000000
34437.2421875000000000000000000
34205.4335937500000000000000000
33976.0000000000000000000000000
33748.6992187500000000000000000
33523.8320312500000000000000000
33300.6015625000000000000000000
33079.5742187500000000000000000
32860.2304687500000000000000000
32642.3164062500000000000000000
32426.6699218750000000000000000
32213.0410156250000000000000000
32001.7265625000000000000000000
31792.1972656250000000000000000
31583.3769531250000000000000000
31377.2011718750000000000000000
31172.8769531250000000000000000
30970.4121093750000000000000000
30769.5605468750000000000000000
30570.0507812500000000000000000
30372.7441406250000000000000000
30176.8183593750000000000000000
29983.6953125000000000000000000
29791.1503906250000000000000000
29599.7578125000000000000000000
29410.6601562500000000000000000
29223.0312500000000000000000000
29037.1738281250000000000000000
28852.8164062500000000000000000
28669.6933593750000000000000000
28488.3886718750000000000000000
28308.3515625000000000000000000
28130.7402343750000000000000000
27953.5644531250000000000000000
27778.5644531250000000000000000
27604.8925781250000000000000000
27431.6953125000000000000000000
27261.5898437500000000000000000
27091.6972656250000000000000000
26923.7714843750000000000000000
26757.5410156250000000000000000
26591.5585937500000000000000000
26427.1484375000000000000000000
26265.2070312500000000000000000
26103.6992187500000000000000000
25943.6621093750000000000000000
25784.8144531250000000000000000
25627.3183593750000000000000000
25471.6308593750000000000000000
25316.7304687500000000000000000
25163.2207031250000000000000000
25010.2207031250000000000000000
24859.5312500000000000000000000
24709.3750000000000000000000000
24561.2617187500000000000000000
24413.4042968750000000000000000
24266.7109375000000000000000000
24122.1015625000000000000000000
23977.6230468750000000000000000
23835.1054687500000000000000000
23693.3457031250000000000000000
23552.8105468750000000000000000
23413.0566406250000000000000000
23274.2421875000000000000000000
23137.1425781250000000000000000
23000.7011718750000000000000000
22866.0019531250000000000000000
22731.6718750000000000000000000
22598.7968750000000000000000000
22409.2988281250000000000000000
22149.1835937500000000000000000
21892.9101562500000000000000000
21640.7109375000000000000000000
21392.5097656250000000000000000
21147.9062500000000000000000000
20907.1289062500000000000000000
20669.8574218750000000000000000
20436.3144531250000000000000000
20206.0937500000000000000000000
19979.4160156250000000000000000
19756.1894531250000000000000000
19536.3125000000000000000000000
19319.6875000000000000000000000
19105.9687500000000000000000000
18895.5371093750000000000000000
18688.3730468750000000000000000
18483.9550781250000000000000000
18282.6699218750000000000000000
18084.2382812500000000000000000
17888.4648437500000000000000000
17695.9824218750000000000000000
17506.0957031250000000000000000
17318.6796875000000000000000000
17134.2070312500000000000000000
16952.2167968750000000000000000
16772.7558593750000000000000000
16595.6972656250000000000000000
16421.4277343750000000000000000
16249.3925781250000000000000000
16079.8896484375000000000000000
15912.5312500000000000000000000
15747.7041015625000000000000000
15584.9257812500000000000000000
15424.6718750000000000000000000
15266.2822265625000000000000000
15110.3183593750000000000000000
14956.2900390625000000000000000
14804.4091796875000000000000000
14654.4453125000000000000000000
14506.7880859375000000000000000
14361.0283203125000000000000000
14217.1953125000000000000000000
14075.1435546875000000000000000
13934.9951171875000000000000000
13796.8701171875000000000000000
13660.5292968750000000000000000
13525.7275390625000000000000000
13392.9501953125000000000000000
13261.7705078125000000000000000
13132.3525390625000000000000000
13004.7236328125000000000000000
12878.5439453125000000000000000
12754.1621093750000000000000000
12631.4189453125000000000000000
12510.1074218750000000000000000
12390.2968750000000000000000000
12272.0126953125000000000000000
12155.3281250000000000000000000
12040.1230468750000000000000000
11926.2792968750000000000000000
11813.9628906250000000000000000
11703.0039062500000000000000000
11593.4726562500000000000000000
11485.2470703125000000000000000
11378.4433593750000000000000000
11272.9394531250000000000000000
11168.5595703125000000000000000
11065.6162109375000000000000000
10964.0322265625000000000000000
10863.4833984375000000000000000
10764.2822265625000000000000000
10666.2031250000000000000000000
10569.4599609375000000000000000
10473.6269531250000000000000000
10379.2158203125000000000000000
10285.8476562500000000000000000
10193.5878906250000000000000000
10102.3544921875000000000000000
10012.4130859375000000000000000
9923.3779296875000000000000000
9835.3652343750000000000000000
9748.4404296875000000000000000
9662.4160156250000000000000000
9577.4589843750000000000000000
9493.6875000000000000000000000
9410.8085937500000000000000000
9328.8876953125000000000000000
9247.8349609375000000000000000
9167.7666015625000000000000000
9088.5947265625000000000000000
9010.3291015625000000000000000
8932.9863281250000000000000000
8856.5771484375000000000000000
8780.8505859375000000000000000
8706.0302734375000000000000000
8632.2343750000000000000000000
8559.2646484375000000000000000
8486.8652343750000000000000000
8415.4199218750000000000000000
8344.8339843750000000000000000
8275.0117187500000000000000000
8206.0185546875000000000000000
8137.5947265625000000000000000
8070.1289062500000000000000000
8003.4160156250000000000000000
7937.3012695312500000000000000
7871.8505859375000000000000000
7807.2924804687500000000000000
7743.3618164062500000000000000
7680.2343750000000000000000000
7617.5327148437500000000000000
7555.8188476562500000000000000
7494.4365234375000000000000000
7434.0625000000000000000000000
7374.0371093750000000000000000
7314.8706054687500000000000000
7256.2929687500000000000000000
7198.4248046875000000000000000
7141.0488281250000000000000000
7084.2285156250000000000000000
7028.1440429687500000000000000
6972.4599609375000000000000000
6917.4707031250000000000000000
6863.1254882812500000000000000
6809.3178710937500000000000000
6755.9985351562500000000000000
6703.2895507812500000000000000
6650.9956054687500000000000000
6599.5000000000000000000000000
6548.4042968750000000000000000
6497.7441406250000000000000000
6447.7294921875000000000000000
6398.1923828125000000000000000
6349.1694335937500000000000000
6300.6655273437500000000000000
6252.5410156250000000000000000
6205.0380859375000000000000000
6157.8959960937500000000000000
6111.2988281250000000000000000
6065.2529296875000000000000000
6019.5556640625000000000000000
5974.4218750000000000000000000
5929.4370117187500000000000000
5885.1782226562500000000000000
5841.3798828125000000000000000
5797.8969726562500000000000000
5754.9150390625000000000000000
5712.4106445312500000000000000
5670.0537109375000000000000000
5628.4589843750000000000000000
5586.9902343750000000000000000
5546.0805664062500000000000000
5505.6123046875000000000000000
5465.4379882812500000000000000
5425.6518554687500000000000000
5386.3857421875000000000000000
5347.3627929687500000000000000
5308.6811523437500000000000000
5270.5024414062500000000000000
5232.6113281250000000000000000
5195.1064453125000000000000000
5157.8969726562500000000000000
5121.1459960937500000000000000
5084.6992187500000000000000000
5048.5610351562500000000000000
5012.8305664062500000000000000
4977.3525390625000000000000000
4942.2900390625000000000000000
4907.5205078125000000000000000
4873.1430664062500000000000000
4838.9370117187500000000000000
4805.0981445312500000000000000
4771.6953125000000000000000000
4738.4091796875000000000000000
4705.6318359375000000000000000
4672.9775390625000000000000000
4640.7749023437500000000000000
4608.7993164062500000000000000
4577.0864257812500000000000000
4545.7709960937500000000000000
4514.5610351562500000000000000
4483.7543945312500000000000000
4453.2905273437500000000000000
4423.0395507812500000000000000
4393.0708007812500000000000000
4363.2875976562500000000000000
4333.8261718750000000000000000
4304.6552734375000000000000000
4275.6791992187500000000000000
4247.0000000000000000000000000
4218.5874023437500000000000000
4190.4790039062500000000000000
4162.5751953125000000000000000
4134.9467773437500000000000000
4107.5288085937500000000000000
4080.2895507812500000000000000
4053.3337402343750000000000000
4026.6301269531250000000000000
4000.2158203125000000000000000
3974.0246582031250000000000000
3947.9221191406250000000000000
3922.1501464843750000000000000
3896.6096191406250000000000000
3871.3015136718750000000000000
3846.1950683593750000000000000
3821.2563476562500000000000000
3796.5930175781250000000000000
3772.1022949218750000000000000
3747.9619140625000000000000000
3723.8937988281250000000000000
3699.9697265625000000000000000
3676.3325195312500000000000000
3652.8789062500000000000000000
3629.6467285156250000000000000
3606.6020507812500000000000000
3583.7116699218750000000000000
3561.0485839843750000000000000
3538.5439453125000000000000000
3516.3425292968750000000000000
3494.1955566406250000000000000
3472.3205566406250000000000000
3450.6115722656250000000000000
3428.9619140625000000000000000
3407.6987304687500000000000000
3386.4621582031250000000000000
3365.4714355468750000000000000
3344.6926269531250000000000000
3323.9448242187500000000000000
3303.3935546875000000000000000
3283.1508789062500000000000000
3262.9624023437500000000000000
3242.9577636718750000000000000
3223.1018066406250000000000000
3203.4147949218750000000000000
3183.9538574218750000000000000
3164.5913085937500000000000000
3145.4025878906250000000000000
3126.2775878906250000000000000
3107.4414062500000000000000000
3088.6718750000000000000000000
3070.1577148437500000000000000
3051.6755371093750000000000000
3033.3388671875000000000000000
3015.2626953125000000000000000
2997.2028808593750000000000000
2979.3881835937500000000000000
2961.6682128906250000000000000
2944.1013183593750000000000000
2926.6320800781250000000000000
2909.2802734375000000000000000
2892.1428222656250000000000000
2875.0876464843750000000000000
2858.2502441406250000000000000
2841.4589843750000000000000000
2824.8496093750000000000000000
2801.1623535156250000000000000
2768.6479492187500000000000000
2736.6137695312500000000000000
2705.0888671875000000000000000
2674.0637207031250000000000000
2643.4882812500000000000000000
2613.3911132812500000000000000
2583.7321777343750000000000000
2554.5393066406250000000000000
2525.7617187500000000000000000
2497.4270019531250000000000000
2469.5236816406250000000000000
2442.0390625000000000000000000
2414.9609375000000000000000000
2388.2460937500000000000000000
2361.9421386718750000000000000
2336.0466308593750000000000000
2310.4943847656250000000000000
2285.3337402343750000000000000
2260.5297851562500000000000000
2236.0581054687500000000000000
2211.9978027343750000000000000
2188.2619628906250000000000000
2164.8349609375000000000000000
2141.7758789062500000000000000
2119.0270996093750000000000000
2096.5944824218750000000000000
2074.4621582031250000000000000
2052.6784667968750000000000000
2031.1740722656250000000000000
2009.9862060546875000000000000
1989.0664062500000000000000000
1968.4630126953125000000000000
1948.1157226562500000000000000
1928.0839843750000000000000000
1908.2852783203125000000000000
1888.7897949218750000000000000
1869.5362548828125000000000000
1850.5511474609375000000000000
1831.8056640625000000000000000
1813.3485107421875000000000000
1795.1285400390625000000000000
1777.1494140625000000000000000
1759.3929443359375000000000000
1741.8743896484375000000000000
1724.6087646484375000000000000
1707.5661621093750000000000000
1690.7159423828125000000000000
1674.1187744140625000000000000
1657.7213134765625000000000000
1641.5440673828125000000000000
1625.5904541015625000000000000
1609.8179931640625000000000000
1594.2702636718750000000000000
1578.9273681640625000000000000
1563.7634277343750000000000000
1548.7871093750000000000000000
1534.0015869140625000000000000
1519.4160156250000000000000000
1505.0153808593750000000000000
1490.7849121093750000000000000
1476.7453613281250000000000000
1462.8754882812500000000000000
1449.1840820312500000000000000
1435.6558837890625000000000000
1422.3054199218750000000000000
1409.1174316406250000000000000
1396.0699462890625000000000000
1383.2020263671875000000000000
1370.5040283203125000000000000
1357.9354248046875000000000000
1345.5352783203125000000000000
1333.2753906250000000000000000
1321.1824951171875000000000000
1309.2033691406250000000000000
1297.4019775390625000000000000
1285.7309570312500000000000000
1274.1984863281250000000000000
1262.7943115234375000000000000
1251.5516357421875000000000000
1240.4222412109375000000000000
1229.4206542968750000000000000
1218.5550537109375000000000000
1207.8020019531250000000000000
1197.1823730468750000000000000
1186.7109375000000000000000000
1176.3510742187500000000000000
1166.1109619140625000000000000
1155.9793701171875000000000000
1145.9708251953125000000000000
1136.0743408203125000000000000
1126.2911376953125000000000000
1116.6232910156250000000000000
1107.0721435546875000000000000
1097.6063232421875000000000000
1088.2537841796875000000000000
1079.0292968750000000000000000
1069.9080810546875000000000000
1060.8581542968750000000000000
1051.9274902343750000000000000
1043.1042480468750000000000000
1034.3764648437500000000000000
1025.7523193359375000000000000
1017.1993408203125000000000000
1008.7661132812500000000000000
1000.4270019531250000000000000
992.1626586914062500000000000
983.9813232421875000000000000
975.9115600585937500000000000
967.9202270507812500000000000
960.0292968750000000000000000
952.1915893554687500000000000
944.4773559570312500000000000
936.8045654296875000000000000
929.2578125000000000000000000
921.7546386718750000000000000
914.3588256835937500000000000
907.0366210937500000000000000
899.8031005859375000000000000
892.6311035156250000000000000
885.5285644531250000000000000
878.5180053710937500000000000
871.5574951171875000000000000
864.6838378906250000000000000
857.8906860351562500000000000
851.1647338867187500000000000
844.4998168945312500000000000
837.9111938476562500000000000
831.3744506835937500000000000
824.9375000000000000000000000
818.5505371093750000000000000
812.2180175781250000000000000
805.9661865234375000000000000
799.7740478515625000000000000
793.6461791992187500000000000
787.5831909179687500000000000
781.5676269531250000000000000
775.6297607421875000000000000
769.7369995117187500000000000
763.9123535156250000000000000
758.1566162109375000000000000
752.4444580078125000000000000
746.8027343750000000000000000
741.1796264648437500000000000
735.6472778320312500000000000
730.1724853515625000000000000
724.7371215820312500000000000
719.3643798828125000000000000
714.0513305664062500000000000
708.7567138671875000000000000
703.5573730468750000000000000
698.3737792968750000000000000
693.2600708007812500000000000
688.2015380859375000000000000
683.1797485351562500000000000
678.2064819335937500000000000
673.2982177734375000000000000
668.4203491210937500000000000
663.5851440429687500000000000
658.8128051757812500000000000
654.0764160156250000000000000
649.3883056640625000000000000
644.7371215820312500000000000
640.1432495117187500000000000
635.5874023437500000000000000
631.0701293945312500000000000
626.6038208007812500000000000
622.1690673828125000000000000
617.7862548828125000000000000
613.4400634765625000000000000
609.1428833007812500000000000
604.8671264648437500000000000
600.6372680664062500000000000
596.4619140625000000000000000
592.3011474609375000000000000
588.2039794921875000000000000
584.1221923828125000000000000
580.0968627929687500000000000
576.0999145507812500000000000
572.1358032226562500000000000
568.2213745117187500000000000
564.3201293945312500000000000
560.4692993164062500000000000
556.6613159179687500000000000
552.8799438476562500000000000
549.1338500976562500000000000
545.4109497070312500000000000
541.7282714843750000000000000
538.0819091796875000000000000
534.4598999023437500000000000
530.8750000000000000000000000
527.3234252929687500000000000
523.8098754882812500000000000
520.3218994140625000000000000
516.8683471679687500000000000
513.4411010742187500000000000
510.0361938476562500000000000
506.6667175292968750000000000
503.3287658691406250000000000
500.0269775390625000000000000
496.7530822753906250000000000
493.4902648925781250000000000
490.2687683105468750000000000
487.0762023925781250000000000
483.9126892089843750000000000
480.7743835449218750000000000
477.6570434570312500000000000
474.5741271972656250000000000
471.5127868652343750000000000
468.4952392578125000000000000
465.4867248535156250000000000
462.4962158203125000000000000
459.5415649414062500000000000
456.6098632812500000000000000
453.7058410644531250000000000
450.8252563476562500000000000
447.9639587402343750000000000
445.1310729980468750000000000
442.3179931640625000000000000
439.5428161621093750000000000
436.7744445800781250000000000
434.0400695800781250000000000
431.3264465332031250000000000
428.6202392578125000000000000
425.9623413085937500000000000
423.3077697753906250000000000
420.6839294433593750000000000
418.0865783691406250000000000
415.4931030273437500000000000
412.9241943359375000000000000
410.3938598632812500000000000
407.8703002929687500000000000
405.3697204589843750000000000
402.8877258300781250000000000
400.4268493652343750000000000
397.9942321777343750000000000
395.5739135742187500000000000
393.1753234863281250000000000
390.7846984863281250000000000
388.4301757812500000000000000
386.0839843750000000000000000
383.7697143554687500000000000
381.4594421386718750000000000
379.1673583984375000000000000
376.9078369140625000000000000
374.6503601074218750000000000
372.4235229492187500000000000
370.2085266113281250000000000
368.0126647949218750000000000
365.8290100097656250000000000
363.6600341796875000000000000
361.5178527832031250000000000
359.3859558105468750000000000
357.2812805175781250000000000
355.1823730468750000000000000
353.1062011718750000000000000
350.1452941894531250000000000
346.0809936523437500000000000
342.0767211914062500000000000
338.1361083984375000000000000
334.2579650878906250000000000
330.4360351562500000000000000
326.6738891601562500000000000
322.9665222167968750000000000
319.3174133300781250000000000
315.7202148437500000000000000
312.1783752441406250000000000
308.6904602050781250000000000
305.2548828125000000000000000
301.8701171875000000000000000
298.5307617187500000000000000
295.2427673339843750000000000
292.0058288574218750000000000
288.8117980957031250000000000
285.6667175292968750000000000
282.5662231445312500000000000
279.5072631835937500000000000
276.4997253417968750000000000
273.5327453613281250000000000
270.6043701171875000000000000
267.7219848632812500000000000
264.8783874511718750000000000
262.0743103027343750000000000
259.3077697753906250000000000
256.5848083496093750000000000
253.8967590332031250000000000
251.2482757568359375000000000
248.6333007812500000000000000
246.0578765869140625000000000
243.5144653320312500000000000
241.0104980468750000000000000
238.5356597900390625000000000
236.0987243652343750000000000
233.6920318603515625000000000
231.3188934326171875000000000
228.9757080078125000000000000
226.6685638427734375000000000
224.3910675048828125000000000
222.1436767578125000000000000
219.9241180419921875000000000
217.7342987060546875000000000
215.5760955810546875000000000
213.4457702636718750000000000
211.3394927978515625000000000
209.2648468017578125000000000
207.2151641845703125000000000
205.1930084228515625000000000
203.1988067626953125000000000
201.2272491455078125000000000
199.2837829589843750000000000
197.3659210205078125000000000
195.4704284667968750000000000
193.5983886718750000000000000
191.7501983642578125000000000
189.9270019531250000000000000
188.1269226074218750000000000
186.3481140136718750000000000
184.5931701660156250000000000
182.8594360351562500000000000
181.1480102539062500000000000
179.4569854736328125000000000
177.7881774902343750000000000
176.1396789550781250000000000
174.5087432861328125000000000
172.9002532958984375000000000
171.3130035400390625000000000
169.7419281005859375000000000
168.1919097900390625000000000
166.6594238281250000000000000
165.1478118896484375000000000
163.6504211425781250000000000
162.1752471923828125000000000
160.7163696289062500000000000
159.2748107910156250000000000
157.8492889404296875000000000
156.4439544677734375000000000
155.0527801513671875000000000
153.6775817871093750000000000
152.3193817138671875000000000
150.9752502441406250000000000
149.6477966308593750000000000
148.3388671875000000000000000
147.0438842773437500000000000
145.7638702392578125000000000
144.4974212646484375000000000
143.2463531494140625000000000
142.0092926025390625000000000
140.7863922119140625000000000
139.5779113769531250000000000
138.3840179443359375000000000
137.2007904052734375000000000
136.0317230224609375000000000
134.8786621093750000000000000
133.7385101318359375000000000
132.6072692871093750000000000
131.4909362792968750000000000
130.3880310058593750000000000
129.2970581054687500000000000
128.2190399169921875000000000
127.1499176025390625000000000
126.0957641601562500000000000
125.0533752441406250000000000
124.0203323364257812500000000
122.9976654052734375000000000
121.9889450073242187500000000
120.9900283813476562500000000
120.0036621093750000000000000
119.0239486694335937500000000
118.0596694946289062500000000
117.1005706787109375000000000
116.1572265625000000000000000
115.2193298339843750000000000
114.2948532104492187500000000
113.3795776367187500000000000
112.4753875732421875000000000
111.5788879394531250000000000
110.6910705566406250000000000
109.8147506713867187500000000
108.9446868896484375000000000
108.0854797363281250000000000
107.2363357543945312500000000
106.3955917358398437500000000
105.5624771118164062500000000
104.7388992309570312500000000
103.9218063354492187500000000
103.1171875000000000000000000
102.3188171386718750000000000
101.5272521972656250000000000
100.7457733154296875000000000
99.9717559814453125000000000
99.2057723999023437500000000
98.4478988647460937500000000
97.6959533691406250000000000
96.9537200927734375000000000
96.2171249389648437500000000
95.4890441894531250000000000
94.7695770263671875000000000
94.0555572509765625000000000
93.3503417968750000000000000
92.6474533081054687500000000
91.9559097290039062500000000
91.2715606689453125000000000
90.5921401977539062500000000
89.9205474853515625000000000
89.2564163208007812500000000
88.5945892333984375000000000
87.9446716308593750000000000
87.2967224121093750000000000
86.6575088500976562500000000
86.0251922607421875000000000
85.3974685668945312500000000
84.7758102416992187500000000
84.1622772216796875000000000
83.5525436401367187500000000
82.9481430053710937500000000
82.3516006469726562500000000
81.7595520019531250000000000
81.1735382080078125000000000
80.5921401977539062500000000
80.0179061889648437500000000
79.4484252929687500000000000
78.8837661743164062500000000
78.3254776000976562500000000
77.7711334228515625000000000
77.2232818603515625000000000
76.6800079345703125000000000
76.1428604125976562500000000
75.6083908081054687500000000
75.0796585083007812500000000
74.5577392578125000000000000
74.0376434326171875000000000
73.5254974365234375000000000
73.0152740478515625000000000
72.5121078491210937500000000
72.0124893188476562500000000
71.5169754028320312500000000
71.0276718139648437500000000
70.5400161743164062500000000
70.0586624145507812500000000
69.5826644897460937500000000
69.1099929809570312500000000
68.6417312622070312500000000
68.1763687133789062500000000
67.7160339355468750000000000
67.2602386474609375000000000
66.8074874877929687500000000
66.3593750000000000000000000
65.9154281616210937500000000
65.4762344360351562500000000
65.0402374267578125000000000
64.6085433959960937500000000
64.1801376342773437500000000
63.7545242309570312500000000
63.3333396911621093750000000
62.9160957336425781250000000
62.5033721923828125000000000
62.0941352844238281250000000
61.6862831115722656250000000
61.2835960388183593750000000
60.8845252990722656250000000
60.4890861511230468750000000
60.0967979431152343750000000
59.7071304321289062500000000
59.3217658996582031250000000
58.9390983581542968750000000
58.5619049072265625000000000
58.1858406066894531250000000
57.8120269775390625000000000
57.4426956176757812500000000
57.0762329101562500000000000
56.7132301330566406250000000
56.3531570434570312500000000
55.9954948425292968750000000
55.6413841247558593750000000
55.2897491455078125000000000
54.9428520202636718750000000
54.5968055725097656250000000
54.2550086975097656250000000
53.9158058166503906250000000
53.5775299072265625000000000
53.2452926635742187500000000
52.9134712219238281250000000
52.5854911804199218750000000
52.2608222961425781250000000
51.9366378784179687500000000
51.6155242919921875000000000
51.2992324829101562500000000
50.9837875366210937500000000
50.6712150573730468750000000
50.3609657287597656250000000
50.0533561706542968750000000
49.7492790222167968750000000
49.4467391967773437500000000
49.1469154357910156250000000
48.8480873107910156250000000
48.5537719726562500000000000
48.2604980468750000000000000
47.9712142944335937500000000
47.6824302673339843750000000
47.3959197998046875000000000
47.1134796142578125000000000
46.8312950134277343750000000
46.5529403686523437500000000
46.2760658264160156250000000
46.0015830993652343750000000
45.7286262512207031250000000
45.4575042724609375000000000
45.1897315979003906250000000
44.9232444763183593750000000
44.6601600646972656250000000
44.3977966308593750000000000
44.1382751464843750000000000
43.7681617736816406250000000
43.2601242065429687500000000
42.7595901489257812500000000
42.2670135498046875000000000
41.7822456359863281250000000
41.3045043945312500000000000
40.8342361450195312500000000
40.3708152770996093750000000
39.9146766662597656250000000
39.4650268554687500000000000
39.0222969055175781250000000
38.5863075256347656250000000
38.1568603515625000000000000
37.7337646484375000000000000
37.3163452148437500000000000
36.9053459167480468750000000
36.5007286071777343750000000
36.1014747619628906250000000
35.7083396911621093750000000
35.3207778930664062500000000
34.9384078979492187500000000
34.5624656677246093750000000
34.1915931701660156250000000
33.8255462646484375000000000
33.4652481079101562500000000
33.1097984313964843750000000
32.7592887878417968750000000
32.4134712219238281250000000
32.0731010437011718750000000
31.7370948791503906250000000
31.4060344696044921875000000
31.0791625976562500000000000
30.7572345733642578125000000
30.4393081665039062500000000
30.1263122558593750000000000
29.8169574737548828125000000
29.5123405456542968750000000
29.2115039825439453125000000
28.9148616790771484375000000
28.6219635009765625000000000
28.3335704803466796875000000
28.0488834381103515625000000
27.7679595947265625000000000
27.4905147552490234375000000
27.2167873382568359375000000
26.9470119476318359375000000
26.6807212829589843750000000
26.4174365997314453125000000
26.1581058502197265625000000
25.9018955230712890625000000
25.6491260528564453125000000
25.3998508453369140625000000
25.1534061431884765625000000
24.9104728698730468750000000
24.6707401275634765625000000
24.4338035583496093750000000
24.1997985839843750000000000
23.9687747955322265625000000
23.7408752441406250000000000
23.5158653259277343750000000
23.2935142517089843750000000
23.0741462707519531250000000
22.8574295043945312500000000
22.6435012817382812500000000
22.4321231842041015625000000
22.2235221862792968750000000
22.0174598693847656250000000
21.8135929107666015625000000
21.6125316619873046875000000
21.4141254425048828125000000
21.2177410125732421875000000
21.0239887237548828125000000
20.8324279785156250000000000
20.6434764862060546875000000
20.4563026428222656250000000
20.2719058990478515625000000
20.0895462036132812500000000
19.9093513488769531250000000
19.7311611175537109375000000
19.5554943084716796875000000
19.3815975189208984375000000
19.2096977233886718750000000
19.0399227142333984375000000
18.8719062805175781250000000
18.7059745788574218750000000
18.5423583984375000000000000
18.3804855346679687500000000
18.2204837799072265625000000
18.0621776580810546875000000
17.9057941436767578125000000
17.7511615753173828125000000
17.5982990264892578125000000
17.4472389221191406250000000
17.2980022430419921875000000
17.1500988006591796875000000
17.0039653778076171875000000
16.8598327636718750000000000
16.7173137664794921875000000
16.5759086608886718750000000
16.4363670349121093750000000
16.2985038757324218750000000
16.1621322631835937500000000
16.0273799896240234375000000
15.8937397003173828125000000
15.7619705200195312500000000
15.6316719055175781250000000
15.5025415420532226562500000
15.3747081756591796875000000
15.2486181259155273437500000
15.1237535476684570312500000
15.0004577636718750000000000
14.8779935836791992187500000
14.7574586868286132812500000
14.6375713348388671875000000
14.5196533203125000000000000
14.4024162292480468750000000
14.2868566513061523437500000
14.1724472045898437500000000
14.0594234466552734375000000
13.9473609924316406250000000
13.8363838195800781250000000
13.7268438339233398437500000
13.6180858612060546875000000
13.5106849670410156250000000
13.4045419692993164062500000
13.2994489669799804687500000
13.1953096389770507812500000
13.0923624038696289062500000
12.9902257919311523437500000
12.8896484375000000000000000
12.7898521423339843750000000
12.6909065246582031250000000
12.5932216644287109375000000
12.4964694976806640625000000
12.4007215499877929687500000
12.3059873580932617187500000
12.2119941711425781250000000
12.1192150115966796875000000
12.0271406173706054687500000
11.9361305236816406250000000
11.8461971282958984375000000
11.7569446563720703125000000
11.6687927246093750000000000
11.5809316635131835937500000
11.4944887161254882812500000
11.4089450836181640625000000
11.3240175247192382812500000
11.2400684356689453125000000
11.1570520401000976562500000
11.0743236541748046875000000
10.9930839538574218750000000
10.9120903015136718750000000
10.8321886062622070312500000
10.7531490325927734375000000
10.6746835708618164062500000
10.5969762802124023437500000
10.5202846527099609375000000
10.4440679550170898437500000
10.3685178756713867187500000
10.2939500808715820312500000
10.2199440002441406250000000
10.1466922760009765625000000
10.0740175247192382812500000
10.0022382736206054687500000
9.9310531616210937500000000
9.8604707717895507812500000
9.7906847000122070312500000
9.7213916778564453125000000
9.6529102325439453125000000
9.5850009918212890625000000
9.5178575515747070312500000
9.4510488510131835937500000
9.3849573135375976562500000
9.3197174072265625000000000
9.2547054290771484375000000
9.1906871795654296875000000
9.1269092559814453125000000
9.0640134811401367187500000
9.0015611648559570312500000
8.9396219253540039062500000
8.8784589767456054687500000
8.8175020217895507812500000
8.7573328018188476562500000
8.6978330612182617187500000
8.6387491226196289062500000
8.5802164077758789062500000
8.5220460891723632812500000
8.4645042419433593750000000
8.4075298309326171875000000
8.3509359359741210937500000
8.2949218750000000000000000
8.2394285202026367187500000
8.1845293045043945312500000
8.1300296783447265625000000
8.0760679244995117187500000
8.0225172042846679687500000
7.9693155288696289062500000
7.9166674613952636718750000
7.8645119667053222656250000
7.8129215240478515625000000
7.7617669105529785156250000
7.7107853889465332031250000
7.6604495048522949218750000
7.6105656623840332031250000
7.5611357688903808593750000
7.5120997428894042968750000
7.4633913040161132812500000
7.4152207374572753906250000
7.3673872947692871093750000
7.3202381134033203125000000
7.2732300758361816406250000
7.2265033721923828125000000
7.1803369522094726562500000
7.1345291137695312500000000
7.0891537666320800781250000
7.0441446304321289062500000
6.9994368553161621093750000
6.9551730155944824218750000
6.9112186431884765625000000
6.8678565025329589843750000
6.8246006965637207031250000
6.7818760871887207031250000
6.7394757270812988281250000
6.6971912384033203125000000
6.6556615829467773437500000
6.6141839027404785156250000
6.5731863975524902343750000
6.5326027870178222656250000
6.4920797348022460937500000
6.4519405364990234375000000
6.4124040603637695312500000
6.3729734420776367187500000
6.3339018821716308593750000
6.2951207160949707031250000
6.2566695213317871093750000
6.2186598777770996093750000
6.1808423995971679687500000
6.1433644294738769531250000
6.1060109138488769531250000
6.0692214965820312500000000
6.0325622558593750000000000
5.9964017868041992187500000
5.9603037834167480468750000
5.9244899749755859375000000
5.8891849517822265625000000
5.8539118766784667968750000
5.8191175460815429687500000
5.7845082283020019531250000
5.7501978874206542968750000
5.7160782814025878906250000
5.6821880340576171875000000
5.6487164497375488281250000
5.6154055595397949218750000
5.5825200080871582031250000
5.5497245788574218750000000
5.5172843933105468750000000
5.4710202217102050781250000
5.4075155258178710937500000
5.3449487686157226562500000
5.2833766937255859375000000
5.2227807044982910156250000
5.1630630493164062500000000
5.1042795181274414062500000
5.0463519096374511718750000
4.9893345832824707031250000
4.9331283569335937500000000
4.8777871131896972656250000
4.8232884407043457031250000
4.7696075439453125000000000
4.7167205810546875000000000
4.6645431518554687500000000
4.6131682395935058593750000
4.5625910758972167968750000
4.5126843452453613281250000
4.4635424613952636718750000
4.4150972366333007812500000
4.3673009872436523437500000
4.3203082084655761718750000
4.2739491462707519531250000
4.2281932830810546875000000
4.1831560134887695312500000
4.1387248039245605468750000
4.0949110984802246093750000
4.0516839027404785156250000
4.0091376304626464843750000
3.9671368598937988281250000
3.9257543087005615234375000
3.8848953247070312500000000
3.8446543216705322265625000
3.8049135208129882812500000
3.7657890319824218750000000
3.7271196842193603515625000
3.6890425682067871093750000
3.6514379978179931640625000
3.6143577098846435546875000
3.5777454376220703125000000
3.5416963100433349609375000
3.5061104297637939453125000
3.4709949493408203125000000
3.4363143444061279296875000
3.4020984172821044921875000
3.3683764934539794921875000
3.3350901603698730468750000
3.3021795749664306640625000
3.2697632312774658203125000
3.2377369403839111328125000
3.2061407566070556640625000
3.1749813556671142578125000
3.1441757678985595703125000
3.1138091087341308593750000
3.0838425159454345703125000
3.0542254447937011718750000
3.0249748229980468750000000
2.9960968494415283203125000
2.9676094055175781250000000
2.9394831657409667968750000
2.9116892814636230468750000
2.8842682838439941406250000
2.8571786880493164062500000
2.8304376602172851562500000
2.8040153980255126953125000
2.7779402732849121093750000
2.7521824836730957031250000
2.7266991138458251953125000
2.7015664577484130859375000
2.6767656803131103515625000
2.6522176265716552734375000
2.6279985904693603515625000
2.6040534973144531250000000
2.5804345607757568359375000
2.5570378303527832031250000
2.5339882373809814453125000
2.5111932754516601562500000
2.4886689186096191406250000
2.4663951396942138671875000
2.4444367885589599609375000
2.4226996898651123046875000
2.4012122154235839843750000
2.3799903392791748046875000
2.3589882850646972656250000
2.3382468223571777343750000
2.3177947998046875000000000
2.2975606918334960937500000
2.2775604724884033203125000
2.2577722072601318359375000
2.2382242679595947265625000
2.2188951969146728515625000
2.1997873783111572265625000
2.1809048652648925781250000
2.1622502803802490234375000
2.1437623500823974609375000
2.1254956722259521484375000
2.1074790954589843750000000
2.0896642208099365234375000
2.0719885826110839843750000
2.0545458793640136718750000
2.0373129844665527343750000
2.0202665328979492187500000
2.0034224987030029296875000
1.9867174625396728515625000
1.9702463150024414062500000
1.9539589881896972656250000
1.9378176927566528320312500
1.9218385219573974609375000
1.9060772657394409179687500
1.8904691934585571289062500
1.8750572204589843750000000
1.8597491979598999023437500
1.8446823358535766601562500
1.8296964168548583984375000
1.8149566650390625000000000
1.8003020286560058593750000
1.7858570814132690429687500
1.7715559005737304687500000
1.7574279308319091796875000
1.7434201240539550781250000
1.7295479774475097656250000
1.7158554792404174804687500
1.7022607326507568359375000
1.6888356208801269531250000
1.6755677461624145507812500
1.6624311208724975585937500
1.6494137048721313476562500
1.6365453004837036132812500
1.6237782239913940429687500
1.6112060546875000000000000
1.5987315177917480468750000
1.5863633155822753906250000
1.5741527080535888671875000
1.5620586872100830078125000
1.5500901937484741210937500
1.5382484197616577148437500
1.5264992713928222656250000
1.5149018764495849609375000
1.5033925771713256835937500
1.4920163154602050781250000
1.4807746410369873046875000
1.4696180820465087890625000
1.4585990905761718750000000
1.4476164579391479492187500
1.4368110895156860351562500
1.4261181354522705078125000
1.4155021905899047851562500
1.4050085544586181640625000
1.3946315050125122070312500
1.3842904567718505859375000
1.3741354942321777343750000
1.3640112876892089843750000
1.3540235757827758789062500
1.3441436290740966796875000
1.3343354463577270507812500
1.3246220350265502929687500
1.3150355815887451171875000
1.3055084943771362304687500
1.2960647344589233398437500
1.2867437601089477539062500
1.2774930000305175781250000
1.2683365345001220703125000
1.2592521905899047851562500
1.2502797842025756835937500
1.2413816452026367187500000
1.2325588464736938476562500
1.2238355875015258789062500
1.2151739597320556640625000
1.2066137790679931640625000
1.1981251239776611328125000
1.1897321939468383789062500
1.1813811063766479492187500
1.1731196641921997070312500
1.1649646759033203125000000
1.1568381786346435546875000
1.1488358974456787109375000
1.1408636569976806640625000
1.1330016851425170898437500
1.1251951456069946289062500
1.1174527406692504882812500
1.1098073720932006835937500
1.1021877527236938476562500
1.0946666002273559570312500
1.0872291326522827148437500
1.0798436403274536132812500
1.0725270509719848632812500
1.0652557611465454101562500
1.0580630302429199218750000
1.0509412288665771484375000
1.0438669919967651367187500
1.0368652343750000000000000
1.0299285650253295898437500
1.0230661630630493164062500
1.0162537097930908203125000
1.0095084905624389648437500
1.0028146505355834960937500
0.9961644411087036132812500
0.9895834326744079589843750
0.9830639958381652832031250
0.9766151905059814453125000
0.9702208638191223144531250
0.9638481736183166503906250
0.9575561881065368652343750
0.9513207077980041503906250
0.9451419711112976074218750
0.9390124678611755371093750
0.9329239130020141601562500
0.9269025921821594238281250
0.9209234118461608886718750
0.9150297641754150390625000
0.9091537594795227050781250
0.9033129215240478515625000
0.8975421190261840820312500
0.8918161392211914062500000
0.8861442208290100097656250
0.8805180788040161132812500
0.8749296069145202636718750
0.8693966269493103027343750
0.8639023303985595703125000
0.8584820628166198730468750
0.8530750870704650878906250
0.8477345108985900878906250
0.8424344658851623535156250
0.8371489048004150390625000
0.8319576978683471679687500
0.8267729878425598144531250
0.8216482996940612792968750
0.8165753483772277832031250
0.8115099668502807617187500
0.8064925670623779296875000
0.8015505075454711914062500
0.7966216802597045898437500
0.7917377352714538574218750
0.7868900895118713378906250
0.7820836901664733886718750
0.7773324847221374511718750
0.7726052999496459960937500
0.7679205536842346191406250
0.7632513642311096191406250
0.7586526870727539062500000
0.7540702819824218750000000
0.7495502233505249023437500
0.7450379729270935058593750
0.7405612468719482421875000
0.7361481189727783203125000
0.7317389845848083496093750
0.7273896932601928710937500
0.7230635285377502441406250
0.7187747359275817871093750
0.7145097851753234863281250
0.7102735042572021484375000
0.7060895562171936035156250
0.7019256949424743652343750
0.6978150010108947753906250
0.6937155723571777343750000
0.6896605491638183593750000
0.6838775277137756347656250
0.6759394407272338867187500
0.6681185960769653320312500
0.6604220867156982421875000
0.6528475880622863769531250
0.6453828811645507812500000
0.6380349397659301757812500
0.6307939887046813964843750
0.6236668229103088378906250
0.6166410446166992187500000
0.6097233891487121582031250
0.6029110550880432128906250
0.5962009429931640625000000
0.5895900726318359375000000
0.5830678939819335937500000
0.5766460299491882324218750
0.5703238844871520996093750
0.5640855431556701660156250
0.5579428076744079589843750
0.5518871545791625976562500
0.5459126234054565429687500
0.5400385260581970214843750
0.5342436432838439941406250
0.5285241603851318359375000
0.5228945016860961914062500
0.5173406004905700683593750
0.5118638873100280761718750
0.5064604878425598144531250
0.5011422038078308105468750
0.4958921074867248535156250
0.4907192885875701904296875
0.4856119155883789062500000
0.4805817902088165283203125
0.4756141901016235351562500
0.4707236289978027343750000
0.4658899605274200439453125
0.4611303210258483886718750
0.4564297497272491455078125
0.4517947137355804443359375
0.4472181797027587890625000
0.4427120387554168701171875
0.4382638037204742431640625
0.4338743686676025390625000
0.4295392930507659912109375
0.4252623021602630615234375
0.4210470616817474365234375
0.4168862700462341308593750
0.4127724468708038330078125
0.4087204039096832275390625
0.4047171175479888916015625
0.4007675945758819580078125
0.3968726694583892822265625
0.3930219709873199462890625
0.3892261385917663574218750
0.3854803144931793212890625
0.3817781805992126464843750
0.3781218528747558593750000
0.3745121061801910400390625
0.3709511756896972656250000
0.3674353957176208496093750
0.3639611601829528808593750
0.3605335354804992675781250
0.3571473360061645507812500
0.3538047075271606445312500
0.3505019247531890869140625
0.3472425341606140136718750
0.3440228104591369628906250
0.3408373892307281494140625
0.3376958072185516357421875
0.3345957100391387939453125
0.3315272033214569091796875
0.3284998238086700439453125
0.3255066871643066406250000
0.3225543200969696044921875
0.3196297287940979003906250
0.3167485296726226806640625
0.3138991594314575195312500
0.3110836148262023925781250
0.3082993924617767333984375
0.3055545985698699951171875
0.3028374612331390380859375
0.3001515269279479980468750
0.2974987924098968505859375
0.2948735356330871582031250
0.2922808527946472167968750
0.2897243499755859375000000
0.2871950864791870117187500
0.2846950590610504150390625
0.2822215259075164794921875
0.2797780334949493408203125
0.2773618996143341064453125
0.2749734222888946533203125
0.2726131081581115722656250
0.2702812850475311279296875
0.2679702937602996826171875
0.2656869590282440185546875
0.2634348869323730468750000
0.2612080276012420654296875
0.2589985728263854980468750
0.2568182349205017089843750
0.2546641230583190917968750
0.2525333166122436523437500
0.2504278123378753662109375
0.2483396828174591064453125
0.2462807893753051757812500
0.2442448735237121582031250
0.2422272115945816040039063
0.2402298152446746826171875
0.2382596582174301147460938
0.2363086491823196411132813
0.2343821525573730468750000
0.2324686497449874877929688
0.2305852919816970825195313
0.2287120521068572998046875
0.2268695831298828125000000
0.2250377535820007324218750
0.2232321351766586303710938
0.2214444875717163085937500
0.2196784913539886474609375
0.2179275155067443847656250
0.2161934971809387207031250
0.2144819349050521850585938
0.2127825915813446044921875
0.2111044526100158691406250
0.2094459682703018188476563
0.2078038901090621948242188
0.2061767131090164184570313
0.2045681625604629516601563
0.2029722779989242553710938
0.2014007568359375000000000
0.1998414397239685058593750
0.1982954144477844238281250
0.1967690885066986083984375
0.1952573359012603759765625
0.1937612742185592651367188
0.1922810524702072143554688
0.1908124089241027832031250
0.1893627345561981201171875
0.1879240721464157104492188
0.1865020394325256347656250
0.1850968301296234130859375
0.1837022602558135986328125
0.1823248863220214843750000
0.1809520572423934936523438
0.1796013861894607543945313
0.1782647669315338134765625
0.1769377738237380981445313
0.1756260693073272705078125
0.1743289381265640258789063
0.1730363070964813232421875
0.1717669367790222167968750
0.1705014109611511230468750
0.1692529469728469848632813
0.1680179536342620849609375
0.1667919307947158813476563
0.1655777543783187866210938
0.1643794476985931396484375
0.1631885617971420288085938
0.1620080918073654174804688
0.1608429700136184692382813
0.1596866250038146972656250
0.1585420668125152587890625
0.1574065238237380981445313
0.1562849730253219604492188
0.1551727056503295898437500
0.1540698558092117309570313
0.1529794484376907348632813
0.1518967449665069580078125
0.1508267223834991455078125
0.1497656404972076416015625
0.1487165242433547973632813
0.1476726382970809936523438
0.1466399580240249633789063
0.1456205844879150390625000
0.1446047723293304443359375
0.1436044871807098388671875
0.1426079571247100830078125
0.1416252106428146362304688
0.1406493932008743286132813
0.1396815925836563110351563
0.1387259215116500854492188
0.1377734690904617309570313
0.1368333250284194946289063
0.1359036415815353393554688
0.1349804550409317016601563
0.1340658813714981079101563
0.1331569701433181762695313
0.1322578787803649902343750
0.1313676536083221435546875
0.1304833739995956420898438
0.1296081542968750000000000
0.1287410706281661987304688
0.1278832703828811645507813
0.1270317137241363525390625
0.1261885613203048706054688
0.1253518313169479370117188
0.1245205551385879516601563
0.1236979290843009948730469
0.1228829994797706604003906
0.1220768988132476806640625
0.1212776079773902893066406
0.1204810217022895812988281
0.1196945235133171081542969
0.1189150884747505187988281
0.1181427463889122009277344
0.1173765584826469421386719
0.1166154891252517700195313
0.1158628240227699279785156
0.1151154264807701110839844
0.1143787205219268798828125
0.1136442199349403381347656
0.1129141151905059814453125
0.1121927648782730102539063
0.1114770174026489257812500
0.1107680276036262512207031
0.1100647598505020141601563
0.1093662008643150329589844
0.1086745783686637878417969
0.1079877912998199462890625
0.1073102578520774841308594
0.1066343858838081359863281
0.1059668138623237609863281
0.1053043082356452941894531
0.1046436131000518798828125
0.1039947122335433959960938
0.1033466234803199768066406
0.1027060374617576599121094
0.1020719185471534729003906
0.1014387458562850952148438
0.1008115708827972412109375
0.1001938134431838989257813
0.0995777100324630737304688
0.0989672169089317321777344
0.0983612611889839172363281
0.0977604612708091735839844
0.0971665605902671813964844
0.0965756624937057495117188
0.0959900692105293273925781
0.0954064205288887023925781
0.0948315858840942382812500
0.0942587852478027343750000
0.0936937779188156127929688
0.0931297466158866882324219
0.0925701558589935302734375
0.0920185148715972900390625
0.0914673730731010437011719
0.0909237116575241088867188
0.0903829410672187805175781
0.0898468419909477233886719
0.0893137231469154357910156
0.0887841880321502685546875
0.0882611945271492004394531
0.0877407118678092956542969
0.0872268751263618469238281
0.0867144465446472167968750
0.0862075686454772949218750
