2871793664.0000000000000000000000000
2827417856.0000000000000000000000000
2783896320.0000000000000000000000000
2741203456.0000000000000000000000000
2699374080.0000000000000000000000000
2658288640.0000000000000000000000000
2618022400.0000000000000000000000000
2578495744.0000000000000000000000000
2539710976.0000000000000000000000000
2501659904.0000000000000000000000000
2464281088.0000000000000000000000000
2427639040.0000000000000000000000000
2391682560.0000000000000000000000000
2356369408.0000000000000000000000000
2321700096.0000000000000000000000000
2287717888.0000000000000000000000000
2254304512.0000000000000000000000000
2221480192.0000000000000000000000000
2189287936.0000000000000000000000000
2157650176.0000000000000000000000000
2126615040.0000000000000000000000000
2096103936.0000000000000000000000000
2066164352.0000000000000000000000000
2036755840.0000000000000000000000000
2007842560.0000000000000000000000000
1979454720.0000000000000000000000000
1951589888.0000000000000000000000000
1924183040.0000000000000000000000000
1897253248.0000000000000000000000000
1870830720.0000000000000000000000000
1844809728.0000000000000000000000000
1819310720.0000000000000000000000000
1794204672.0000000000000000000000000
1769520896.0000000000000000000000000
1745277568.0000000000000000000000000
1721441152.0000000000000000000000000
1698017920.0000000000000000000000000
1674991104.0000000000000000000000000
1652372480.0000000000000000000000000
1630098304.0000000000000000000000000
1608232576.0000000000000000000000000
1586687360.0000000000000000000000000
1565538432.0000000000000000000000000
1544732288.0000000000000000000000000
1524268672.0000000000000000000000000
1504122368.0000000000000000000000000
1484334592.0000000000000000000000000
1464880384.0000000000000000000000000
1445704576.0000000000000000000000000
1426865664.0000000000000000000000000
1408344448.0000000000000000000000000
1390108928.0000000000000000000000000
1372175872.0000000000000000000000000
1354506624.0000000000000000000000000
1337154304.0000000000000000000000000
1320055552.0000000000000000000000000
1303245184.0000000000000000000000000
1286690048.0000000000000000000000000
1270381568.0000000000000000000000000
1254360576.0000000000000000000000000
1238574976.0000000000000000000000000
1223040640.0000000000000000000000000
1207754880.0000000000000000000000000
1192702208.0000000000000000000000000
1177879552.0000000000000000000000000
1163302912.0000000000000000000000000
1148950400.0000000000000000000000000
1134780160.0000000000000000000000000
1120865664.0000000000000000000000000
1107139200.0000000000000000000000000
1093639296.0000000000000000000000000
1080339840.0000000000000000000000000
1067233856.0000000000000000000000000
1054343424.0000000000000000000000000
1041645504.0000000000000000000000000
1029119744.0000000000000000000000000
1016794880.0000000000000000000000000
1004653760.0000000000000000000000000
992688960.0000000000000000000000000
980919552.0000000000000000000000000
969301376.0000000000000000000000000
957866816.0000000000000000000000000
946581184.0000000000000000000000000
935480384.0000000000000000000000000
924532992.0000000000000000000000000
913761408.0000000000000000000000000
903127168.0000000000000000000000000
892645824.0000000000000000000000000
882326208.0000000000000000000000000
872156736.0000000000000000000000000
862132480.0000000000000000000000000
852251968.0000000000000000000000000
842510208.0000000000000000000000000
832912320.0000000000000000000000000
823446336.0000000000000000000000000
814107136.0000000000000000000000000
804913792.0000000000000000000000000
795840064.0000000000000000000000000
786880576.0000000000000000000000000
778075456.0000000000000000000000000
769384256.0000000000000000000000000
760804992.0000000000000000000000000
752349760.0000000000000000000000000
744023552.0000000000000000000000000
735792448.0000000000000000000000000
727689792.0000000000000000000000000
719684800.0000000000000000000000000
711789696.0000000000000000000000000
704009408.0000000000000000000000000
696334400.0000000000000000000000000
688776960.0000000000000000000000000
681305728.0000000000000000000000000
673943680.0000000000000000000000000
666666496.0000000000000000000000000
659504768.0000000000000000000000000
652419328.0000000000000000000000000
645440640.0000000000000000000000000
638566144.0000000000000000000000000
631775104.0000000000000000000000000
625064640.0000000000000000000000000
618446912.0000000000000000000000000
611923264.0000000000000000000000000
605479552.0000000000000000000000000
599116928.0000000000000000000000000
592847552.0000000000000000000000000
586649920.0000000000000000000000000
580543744.0000000000000000000000000
574511296.0000000000000000000000000
568557184.0000000000000000000000000
562670784.0000000000000000000000000
556879744.0000000000000000000000000
551146880.0000000000000000000000000
545495872.0000000000000000000000000
539916096.0000000000000000000000000
534402688.0000000000000000000000000
528958240.0000000000000000000000000
523593376.0000000000000000000000000
518295296.0000000000000000000000000
513049184.0000000000000000000000000
507883040.0000000000000000000000000
502778112.0000000000000000000000000
497731264.0000000000000000000000000
492760800.0000000000000000000000000
487836064.0000000000000000000000000
482981312.0000000000000000000000000
478181440.0000000000000000000000000
473451008.0000000000000000000000000
468780736.0000000000000000000000000
464163392.0000000000000000000000000
459595584.0000000000000000000000000
455087840.0000000000000000000000000
450640864.0000000000000000000000000
446237184.0000000000000000000000000
441897440.0000000000000000000000000
437608224.0000000000000000000000000
433369984.0000000000000000000000000
429183424.0000000000000000000000000
425046912.0000000000000000000000000
420954976.0000000000000000000000000
416918336.0000000000000000000000000
412929344.0000000000000000000000000
408980256.0000000000000000000000000
405090144.0000000000000000000000000
401240960.0000000000000000000000000
397441472.0000000000000000000000000
393675520.0000000000000000000000000
389966528.0000000000000000000000000
386291936.0000000000000000000000000
382669024.0000000000000000000000000
379077248.0000000000000000000000000
375533824.0000000000000000000000000
372030816.0000000000000000000000000
368564416.0000000000000000000000000
365154112.0000000000000000000000000
361772800.0000000000000000000000000
358427200.0000000000000000000000000
355122016.0000000000000000000000000
351859744.0000000000000000000000000
348627968.0000000000000000000000000
345435616.0000000000000000000000000
342283136.0000000000000000000000000
339157920.0000000000000000000000000
336075424.0000000000000000000000000
333031744.0000000000000000000000000
330018592.0000000000000000000000000
327036256.0000000000000000000000000
324085088.0000000000000000000000000
321176352.0000000000000000000000000
318299456.0000000000000000000000000
315443744.0000000000000000000000000
312629312.0000000000000000000000000
309838848.0000000000000000000000000
307090400.0000000000000000000000000
304366528.0000000000000000000000000
301671968.0000000000000000000000000
299011456.0000000000000000000000000
296371968.0000000000000000000000000
293764864.0000000000000000000000000
291188288.0000000000000000000000000
288642464.0000000000000000000000000
286120960.0000000000000000000000000
283624064.0000000000000000000000000
281161024.0000000000000000000000000
278718560.0000000000000000000000000
276308256.0000000000000000000000000
273914496.0000000000000000000000000
271555712.0000000000000000000000000
269218464.0000000000000000000000000
266906432.0000000000000000000000000
264623312.0000000000000000000000000
262364752.0000000000000000000000000
260121792.0000000000000000000000000
257907296.0000000000000000000000000
255720368.0000000000000000000000000
253551984.0000000000000000000000000
251406976.0000000000000000000000000
249285568.0000000000000000000000000
247183312.0000000000000000000000000
245103920.0000000000000000000000000
243052304.0000000000000000000000000
241014576.0000000000000000000000000
239006224.0000000000000000000000000
237010976.0000000000000000000000000
235039600.0000000000000000000000000
233092352.0000000000000000000000000
231157520.0000000000000000000000000
229248384.0000000000000000000000000
227359184.0000000000000000000000000
225487696.0000000000000000000000000
223629312.0000000000000000000000000
221803392.0000000000000000000000000
219987328.0000000000000000000000000
218192096.0000000000000000000000000
216414224.0000000000000000000000000
214652704.0000000000000000000000000
212910112.0000000000000000000000000
211186592.0000000000000000000000000
209478688.0000000000000000000000000
207790192.0000000000000000000000000
206117616.0000000000000000000000000
204459872.0000000000000000000000000
202826944.0000000000000000000000000
201199328.0000000000000000000000000
199591904.0000000000000000000000000
198002384.0000000000000000000000000
196429648.0000000000000000000000000
194866432.0000000000000000000000000
193330256.0000000000000000000000000
191796384.0000000000000000000000000
190282368.0000000000000000000000000
188784608.0000000000000000000000000
187302000.0000000000000000000000000
185829632.0000000000000000000000000
184380240.0000000000000000000000000
182937568.0000000000000000000000000
181510544.0000000000000000000000000
179487104.0000000000000000000000000
176713616.0000000000000000000000000
173993520.0000000000000000000000000
171325216.0000000000000000000000000
168710880.0000000000000000000000000
166143040.0000000000000000000000000
163626400.0000000000000000000000000
161155984.0000000000000000000000000
158731936.0000000000000000000000000
156353744.0000000000000000000000000
154017568.0000000000000000000000000
151727440.0000000000000000000000000
149480160.0000000000000000000000000
147273088.0000000000000000000000000
145106256.0000000000000000000000000
142982368.0000000000000000000000000
140894032.0000000000000000000000000
138842512.0000000000000000000000000
136830496.0000000000000000000000000
134853136.0000000000000000000000000
132913440.0000000000000000000000000
131006496.0000000000000000000000000
129135272.0000000000000000000000000
127297240.0000000000000000000000000
125490160.0000000000000000000000000
123715920.0000000000000000000000000
121974368.0000000000000000000000000
120261440.0000000000000000000000000
118578328.0000000000000000000000000
116926920.0000000000000000000000000
115300608.0000000000000000000000000
113706920.0000000000000000000000000
112137792.0000000000000000000000000
110595056.0000000000000000000000000
109079848.0000000000000000000000000
107590072.0000000000000000000000000
106126120.0000000000000000000000000
104686944.0000000000000000000000000
103273280.0000000000000000000000000
101881144.0000000000000000000000000
100514536.0000000000000000000000000
99167960.0000000000000000000000000
97846152.0000000000000000000000000
96545768.0000000000000000000000000
95266792.0000000000000000000000000
94007648.0000000000000000000000000
92770912.0000000000000000000000000
91555024.0000000000000000000000000
90356536.0000000000000000000000000
89179104.0000000000000000000000000
88021528.0000000000000000000000000
86881808.0000000000000000000000000
85760992.0000000000000000000000000
84656664.0000000000000000000000000
83572144.0000000000000000000000000
82503472.0000000000000000000000000
81452824.0000000000000000000000000
80418128.0000000000000000000000000
79398848.0000000000000000000000000
78397536.0000000000000000000000000
77410936.0000000000000000000000000
76440040.0000000000000000000000000
75484680.0000000000000000000000000
74543888.0000000000000000000000000
73617472.0000000000000000000000000
72706432.0000000000000000000000000
71809400.0000000000000000000000000
70923760.0000000000000000000000000
70054104.0000000000000000000000000
69196200.0000000000000000000000000
68352456.0000000000000000000000000
67521240.0000000000000000000000000
66702116.0000000000000000000000000
65896464.0000000000000000000000000
65102844.0000000000000000000000000
64319984.0000000000000000000000000
63549680.0000000000000000000000000
62790860.0000000000000000000000000
62043060.0000000000000000000000000
61307472.0000000000000000000000000
60581336.0000000000000000000000000
59866676.0000000000000000000000000
59161324.0000000000000000000000000
58467524.0000000000000000000000000
57783312.0000000000000000000000000
57110088.0000000000000000000000000
56445448.0000000000000000000000000
55790364.0000000000000000000000000
55145388.0000000000000000000000000
54509796.0000000000000000000000000
53883280.0000000000000000000000000
53265748.0000000000000000000000000
52656888.0000000000000000000000000
52057020.0000000000000000000000000
51465396.0000000000000000000000000
50881696.0000000000000000000000000
50307112.0000000000000000000000000
49740004.0000000000000000000000000
49180036.0000000000000000000000000
48629716.0000000000000000000000000
48086516.0000000000000000000000000
47550312.0000000000000000000000000
47021860.0000000000000000000000000
46501472.0000000000000000000000000
45987028.0000000000000000000000000
45480612.0000000000000000000000000
44980300.0000000000000000000000000
44486856.0000000000000000000000000
44000588.0000000000000000000000000
43520900.0000000000000000000000000
43048560.0000000000000000000000000
42581608.0000000000000000000000000
42121480.0000000000000000000000000
41666656.0000000000000000000000000
41219048.0000000000000000000000000
40776208.0000000000000000000000000
40340040.0000000000000000000000000
39910384.0000000000000000000000000
39485944.0000000000000000000000000
39066540.0000000000000000000000000
38652932.0000000000000000000000000
38245204.0000000000000000000000000
37842472.0000000000000000000000000
37444808.0000000000000000000000000
37052972.0000000000000000000000000
36665620.0000000000000000000000000
36283984.0000000000000000000000000
35906956.0000000000000000000000000
35534824.0000000000000000000000000
35166924.0000000000000000000000000
34804984.0000000000000000000000000
34446680.0000000000000000000000000
34093492.0000000000000000000000000
33744756.0000000000000000000000000
33400168.0000000000000000000000000
33059890.0000000000000000000000000
32724586.0000000000000000000000000
32393456.0000000000000000000000000
32065574.0000000000000000000000000
31742690.0000000000000000000000000
31423632.0000000000000000000000000
31108204.0000000000000000000000000
30797550.0000000000000000000000000
30489754.0000000000000000000000000
30186332.0000000000000000000000000
29886340.0000000000000000000000000
29590688.0000000000000000000000000
29298796.0000000000000000000000000
29010212.0000000000000000000000000
28724724.0000000000000000000000000
28442990.0000000000000000000000000
28165054.0000000000000000000000000
27889824.0000000000000000000000000
27618590.0000000000000000000000000
27350514.0000000000000000000000000
27085624.0000000000000000000000000
26823964.0000000000000000000000000
26565432.0000000000000000000000000
26309686.0000000000000000000000000
26057396.0000000000000000000000000
25808084.0000000000000000000000000
25561266.0000000000000000000000000
25318134.0000000000000000000000000
25077560.0000000000000000000000000
24840092.0000000000000000000000000
24604720.0000000000000000000000000
24372908.0000000000000000000000000
24143246.0000000000000000000000000
23916814.0000000000000000000000000
23692328.0000000000000000000000000
23470864.0000000000000000000000000
23251926.0000000000000000000000000
23035276.0000000000000000000000000
22822132.0000000000000000000000000
22610800.0000000000000000000000000
22401700.0000000000000000000000000
22195126.0000000000000000000000000
21991234.0000000000000000000000000
21789248.0000000000000000000000000
21589726.0000000000000000000000000
21392696.0000000000000000000000000
21197370.0000000000000000000000000
21004714.0000000000000000000000000
20814484.0000000000000000000000000
20626162.0000000000000000000000000
20439766.0000000000000000000000000
20255318.0000000000000000000000000
20073522.0000000000000000000000000
19893716.0000000000000000000000000
19715234.0000000000000000000000000
19539332.0000000000000000000000000
19364928.0000000000000000000000000
19193150.0000000000000000000000000
19022908.0000000000000000000000000
18854498.0000000000000000000000000
18688216.0000000000000000000000000
18523248.0000000000000000000000000
18360304.0000000000000000000000000
18199268.0000000000000000000000000
18040154.0000000000000000000000000
17882560.0000000000000000000000000
17726504.0000000000000000000000000
17572564.0000000000000000000000000
17419910.0000000000000000000000000
17269266.0000000000000000000000000
17119656.0000000000000000000000000
16972232.0000000000000000000000000
16826154.0000000000000000000000000
16681652.0000000000000000000000000
16538957.0000000000000000000000000
16397797.0000000000000000000000000
16257612.0000000000000000000000000
16119206.0000000000000000000000000
15982523.0000000000000000000000000
15846999.0000000000000000000000000
15712936.0000000000000000000000000
15580348.0000000000000000000000000
15448957.0000000000000000000000000
15318995.0000000000000000000000000
15190769.0000000000000000000000000
15063411.0000000000000000000000000
14937889.0000000000000000000000000
14813186.0000000000000000000000000
14689975.0000000000000000000000000
14568272.0000000000000000000000000
14447345.0000000000000000000000000
14328024.0000000000000000000000000
14209949.0000000000000000000000000
14092981.0000000000000000000000000
13976832.0000000000000000000000000
13862712.0000000000000000000000000
13749208.0000000000000000000000000
13637006.0000000000000000000000000
13525889.0000000000000000000000000
13415794.0000000000000000000000000
13306882.0000000000000000000000000
13199162.0000000000000000000000000
13092418.0000000000000000000000000
12986887.0000000000000000000000000
12882351.0000000000000000000000000
12778742.0000000000000000000000000
12676684.0000000000000000000000000
12574958.0000000000000000000000000
12474494.0000000000000000000000000
12375149.0000000000000000000000000
12276853.0000000000000000000000000
12179152.0000000000000000000000000
12083141.0000000000000000000000000
11987274.0000000000000000000000000
11892648.0000000000000000000000000
11799038.0000000000000000000000000
11706375.0000000000000000000000000
11614352.0000000000000000000000000
11523765.0000000000000000000000000
11433598.0000000000000000000000000
11344409.0000000000000000000000000
11217944.0000000000000000000000000
11044601.0000000000000000000000000
10874595.0000000000000000000000000
10707826.0000000000000000000000000
10544430.0000000000000000000000000
10383940.0000000000000000000000000
10226650.0000000000000000000000000
10072249.0000000000000000000000000
9920746.0000000000000000000000000
9772109.0000000000000000000000000
9626098.0000000000000000000000000
9482965.0000000000000000000000000
9342510.0000000000000000000000000
9204568.0000000000000000000000000
9069141.0000000000000000000000000
8936398.0000000000000000000000000
8805877.0000000000000000000000000
8677657.0000000000000000000000000
8551906.0000000000000000000000000
8428321.0000000000000000000000000
8307090.0000000000000000000000000
8187906.0000000000000000000000000
8070954.5000000000000000000000000
7956077.5000000000000000000000000
7843135.0000000000000000000000000
7732245.0000000000000000000000000
7623398.0000000000000000000000000
7516340.0000000000000000000000000
7411145.5000000000000000000000000
7307932.5000000000000000000000000
7206288.0000000000000000000000000
7106682.5000000000000000000000000
7008612.0000000000000000000000000
6912191.0000000000000000000000000
6817490.5000000000000000000000000
6724379.5000000000000000000000000
6632882.5000000000000000000000000
6542934.0000000000000000000000000
6454580.0000000000000000000000000
6367571.5000000000000000000000000
6282158.5000000000000000000000000
6197997.5000000000000000000000000
6115384.5000000000000000000000000
6034110.5000000000000000000000000
5954174.5000000000000000000000000
5875478.0000000000000000000000000
5798182.0000000000000000000000000
5722189.0000000000000000000000000
5647283.5000000000000000000000000
5573694.0000000000000000000000000
5501345.5000000000000000000000000
5430113.0000000000000000000000000
5360062.0000000000000000000000000
5291041.5000000000000000000000000
5223259.0000000000000000000000000
5156467.0000000000000000000000000
5090801.5000000000000000000000000
5026133.0000000000000000000000000
4962428.0000000000000000000000000
4899846.0000000000000000000000000
4838183.5000000000000000000000000
4777502.5000000000000000000000000
4717792.5000000000000000000000000
4658993.0000000000000000000000000
4601092.0000000000000000000000000
4544152.0000000000000000000000000
4488087.5000000000000000000000000
4432735.0000000000000000000000000
4378381.5000000000000000000000000
4324762.5000000000000000000000000
4272028.5000000000000000000000000
4220077.5000000000000000000000000
4168882.2500000000000000000000000
4118529.0000000000000000000000000
4068927.7500000000000000000000000
4019999.0000000000000000000000000
3971855.0000000000000000000000000
3924428.7500000000000000000000000
3877691.2500000000000000000000000
3831717.0000000000000000000000000
3786333.5000000000000000000000000
3741667.2500000000000000000000000
3697582.7500000000000000000000000
3654220.2500000000000000000000000
3611457.0000000000000000000000000
3569380.5000000000000000000000000
3527840.5000000000000000000000000
3486897.7500000000000000000000000
3446586.7500000000000000000000000
3406862.2500000000000000000000000
3367705.0000000000000000000000000
3329109.2500000000000000000000000
3291055.5000000000000000000000000
3253563.7500000000000000000000000
3216587.2500000000000000000000000
3180106.0000000000000000000000000
3144194.5000000000000000000000000
3108750.2500000000000000000000000
3073752.2500000000000000000000000
3039357.2500000000000000000000000
3005407.2500000000000000000000000
2971894.5000000000000000000000000
2938866.2500000000000000000000000
2906342.0000000000000000000000000
2874189.2500000000000000000000000
2842538.2500000000000000000000000
2811268.7500000000000000000000000
2780428.5000000000000000000000000
2750036.7500000000000000000000000
2720056.2500000000000000000000000
2690535.0000000000000000000000000
2661350.5000000000000000000000000
2632592.5000000000000000000000000
2604166.0000000000000000000000000
2576190.5000000000000000000000000
2548513.0000000000000000000000000
2521252.5000000000000000000000000
2494399.0000000000000000000000000
2467871.5000000000000000000000000
2441658.7500000000000000000000000
2415808.2500000000000000000000000
2390325.2500000000000000000000000
2365154.5000000000000000000000000
2340300.5000000000000000000000000
2315810.7500000000000000000000000
2291601.2500000000000000000000000
2267749.0000000000000000000000000
2244184.7500000000000000000000000
2220926.5000000000000000000000000
2197932.7500000000000000000000000
2175311.5000000000000000000000000
2152917.5000000000000000000000000
2130843.2500000000000000000000000
2109047.2500000000000000000000000
2087510.5000000000000000000000000
2066243.1250000000000000000000000
2045286.6250000000000000000000000
2024591.0000000000000000000000000
2004098.3750000000000000000000000
1983918.1250000000000000000000000
1963977.0000000000000000000000000
1944262.7500000000000000000000000
1924846.8750000000000000000000000
1905609.6250000000000000000000000
1886645.7500000000000000000000000
1867896.2500000000000000000000000
1849418.0000000000000000000000000
1831174.7500000000000000000000000
1813138.2500000000000000000000000
1795295.2500000000000000000000000
1777686.8750000000000000000000000
1760315.8750000000000000000000000
1743114.0000000000000000000000000
1726161.8750000000000000000000000
1709407.1250000000000000000000000
1692851.5000000000000000000000000
1676497.7500000000000000000000000
1660339.5000000000000000000000000
1644355.3750000000000000000000000
1628587.2500000000000000000000000
1613005.2500000000000000000000000
1597579.1250000000000000000000000
1582383.3750000000000000000000000
1567347.5000000000000000000000000
1552505.7500000000000000000000000
1537795.0000000000000000000000000
1523306.7500000000000000000000000
1508952.8750000000000000000000000
1494800.8750000000000000000000000
1480770.5000000000000000000000000
1466929.0000000000000000000000000
1453245.3750000000000000000000000
1439704.7500000000000000000000000
1426383.2500000000000000000000000
1413175.0000000000000000000000000
1400106.2500000000000000000000000
1387195.3750000000000000000000000
1374452.1250000000000000000000000
1361828.0000000000000000000000000
1349357.8750000000000000000000000
1337043.5000000000000000000000000
1324835.6250000000000000000000000
1312794.6250000000000000000000000
1300905.2500000000000000000000000
1289135.1250000000000000000000000
1277485.3750000000000000000000000
1265957.3750000000000000000000000
1254595.1250000000000000000000000
1243357.2500000000000000000000000
1232202.1250000000000000000000000
1221208.2500000000000000000000000
1210308.0000000000000000000000000
1199571.8750000000000000000000000
1188931.7500000000000000000000000
1178406.1250000000000000000000000
1168013.5000000000000000000000000
1157703.0000000000000000000000000
1147519.0000000000000000000000000
1137454.2500000000000000000000000
1127509.6250000000000000000000000
1117660.0000000000000000000000000
1107906.5000000000000000000000000
1098285.2500000000000000000000000
1088744.3750000000000000000000000
1079329.1250000000000000000000000
1069978.5000000000000000000000000
1060764.5000000000000000000000000
1051634.6250000000000000000000000
1042603.2500000000000000000000000
1033684.8125000000000000000000000
1024862.3125000000000000000000000
1016100.7500000000000000000000000
1007450.3750000000000000000000000
998907.6875000000000000000000000
990437.4375000000000000000000000
982058.5000000000000000000000000
973771.7500000000000000000000000
965559.8125000000000000000000000
957437.1875000000000000000000000
949423.0625000000000000000000000
941463.1875000000000000000000000
933618.0625000000000000000000000
925824.1250000000000000000000000
918123.4375000000000000000000000
910517.0000000000000000000000000
902959.0625000000000000000000000
895501.5000000000000000000000000
888121.8125000000000000000000000
880811.3125000000000000000000000
873552.0000000000000000000000000
866419.5000000000000000000000000
859325.5000000000000000000000000
852312.8750000000000000000000000
845368.0625000000000000000000000
838487.1250000000000000000000000
831680.1250000000000000000000000
824947.6250000000000000000000000
818276.1250000000000000000000000
811680.4375000000000000000000000
805146.9375000000000000000000000
798671.3750000000000000000000000
792292.7500000000000000000000000
785934.8750000000000000000000000
779655.8750000000000000000000000
773446.8125000000000000000000000
767303.3125000000000000000000000
761197.0000000000000000000000000
755196.3125000000000000000000000
749204.6250000000000000000000000
743290.5000000000000000000000000
737439.8750000000000000000000000
731648.4375000000000000000000000
725897.0000000000000000000000000
720235.3125000000000000000000000
714599.8750000000000000000000000
709025.5625000000000000000000000
701121.5000000000000000000000000
690287.5625000000000000000000000
679662.1875000000000000000000000
669239.1250000000000000000000000
659026.8750000000000000000000000
648996.2500000000000000000000000
639165.6250000000000000000000000
629515.5625000000000000000000000
620046.6250000000000000000000000
610756.8125000000000000000000000
601631.1250000000000000000000000
592685.3125000000000000000000000
583906.8750000000000000000000000
575285.5000000000000000000000000
566821.3125000000000000000000000
558524.8750000000000000000000000
550367.3125000000000000000000000
542353.5625000000000000000000000
534494.1250000000000000000000000
526770.0625000000000000000000000
519193.1250000000000000000000000
511744.1250000000000000000000000
504434.6562500000000000000000000
497254.8437500000000000000000000
490195.9375000000000000000000000
483265.3125000000000000000000000
476462.3750000000000000000000000
469771.2500000000000000000000000
463196.5937500000000000000000000
456745.7812500000000000000000000
450393.0000000000000000000000000
444167.6562500000000000000000000
438038.2500000000000000000000000
432011.9375000000000000000000000
426093.1562500000000000000000000
420273.7187500000000000000000000
414555.1562500000000000000000000
408933.3750000000000000000000000
403411.2500000000000000000000000
397973.2187500000000000000000000
392634.9062500000000000000000000
387374.8437500000000000000000000
382211.5312500000000000000000000
377131.9062500000000000000000000
372135.9062500000000000000000000
367217.3750000000000000000000000
362386.3750000000000000000000000
357636.8125000000000000000000000
352955.2187500000000000000000000
348355.8750000000000000000000000
343834.0937500000000000000000000
339382.0625000000000000000000000
335003.8750000000000000000000000
330690.0937500000000000000000000
326453.6875000000000000000000000
322279.1875000000000000000000000
318175.0937500000000000000000000
314133.3125000000000000000000000
310151.7500000000000000000000000
306240.3750000000000000000000000
302386.4687500000000000000000000
298593.9062500000000000000000000
294862.0312500000000000000000000
291187.0625000000000000000000000
287568.2500000000000000000000000
284009.5000000000000000000000000
280505.4687500000000000000000000
277045.9375000000000000000000000
273648.8437500000000000000000000
270297.6562500000000000000000000
267001.7812500000000000000000000
263754.8437500000000000000000000
260555.1406250000000000000000000
257408.0625000000000000000000000
254307.9843750000000000000000000
251249.9375000000000000000000000
248240.9375000000000000000000000
245276.7968750000000000000000000
242355.7031250000000000000000000
239482.3125000000000000000000000
236645.8437500000000000000000000
233854.2031250000000000000000000
231098.9218750000000000000000000
228388.7656250000000000000000000
225716.0625000000000000000000000
223086.2812500000000000000000000
220490.0312500000000000000000000
217931.1093750000000000000000000
215411.6718750000000000000000000
212928.8906250000000000000000000
210481.5625000000000000000000000
208069.3281250000000000000000000
205690.9687500000000000000000000
203347.7343750000000000000000000
201036.7031250000000000000000000
198756.6250000000000000000000000
196512.1562500000000000000000000
194296.8906250000000000000000000
192109.5156250000000000000000000
189959.8281250000000000000000000
187837.9531250000000000000000000
185743.4062500000000000000000000
183679.1406250000000000000000000
181646.3750000000000000000000000
179636.8281250000000000000000000
177658.6406250000000000000000000
175704.2968750000000000000000000
173776.7812500000000000000000000
171877.2968750000000000000000000
170003.5156250000000000000000000
168158.4375000000000000000000000
166334.4062500000000000000000000
164537.0312500000000000000000000
162760.3750000000000000000000000
161011.9062500000000000000000000
159282.0625000000000000000000000
157578.2812500000000000000000000
155899.9375000000000000000000000
154241.9687500000000000000000000
152603.6718750000000000000000000
150988.0156250000000000000000000
149395.3281250000000000000000000
147822.1562500000000000000000000
146268.7812500000000000000000000
144738.1718750000000000000000000
143225.0781250000000000000000000
141734.3125000000000000000000000
140261.5468750000000000000000000
138807.9062500000000000000000000
137370.7968750000000000000000000
135956.9687500000000000000000000
134557.3437500000000000000000000
133177.7031250000000000000000000
131815.4531250000000000000000000
130469.4062500000000000000000000
129140.1953125000000000000000000
127830.4140625000000000000000000
126536.9375000000000000000000000
125256.1484375000000000000000000
123994.8828125000000000000000000
122748.5625000000000000000000000
121516.4218750000000000000000000
120302.9296875000000000000000000
119100.6015625000000000000000000
117915.3593750000000000000000000
116743.5156250000000000000000000
115588.6250000000000000000000000
114448.4218750000000000000000000
113321.1406250000000000000000000
112205.9531250000000000000000000
111105.4296875000000000000000000
110019.7421875000000000000000000
108944.6250000000000000000000000
107885.1171875000000000000000000
106837.9453125000000000000000000
105803.2187500000000000000000000
104781.1093750000000000000000000
103771.2187500000000000000000000
102772.2109375000000000000000000
101786.7031250000000000000000000
100812.8281250000000000000000000
99848.6953125000000000000000000
98898.9609375000000000000000000
97959.2187500000000000000000000
97031.6093750000000000000000000
96112.1875000000000000000000000
95206.6718750000000000000000000
94309.5546875000000000000000000
93425.0546875000000000000000000
92548.1562500000000000000000000
91683.0625000000000000000000000
90827.8359375000000000000000000
89981.5468750000000000000000000
89148.9531250000000000000000000
88323.4375000000000000000000000
87506.6406250000000000000000000
86699.7109375000000000000000000
85903.2578125000000000000000000
85114.2500000000000000000000000
84334.8671875000000000000000000
83565.2187500000000000000000000
82802.2265625000000000000000000
82049.6640625000000000000000000
81306.5781250000000000000000000
80570.9453125000000000000000000
79842.8359375000000000000000000
79122.3359375000000000000000000
78412.1953125000000000000000000
77709.8281250000000000000000000
77012.6328125000000000000000000
76325.5156250000000000000000000
75644.2500000000000000000000000
74973.2421875000000000000000000
74308.2343750000000000000000000
73650.3828125000000000000000000
73000.8437500000000000000000000
72356.4375000000000000000000000
71719.9375000000000000000000000
71090.8906250000000000000000000
70469.3515625000000000000000000
69853.7500000000000000000000000
69244.1562500000000000000000000
68642.8281250000000000000000000
68046.5234375000000000000000000
67458.0703125000000000000000000
66873.6562500000000000000000000
66297.7812500000000000000000000
65727.1640625000000000000000000
65162.7031250000000000000000000
64605.3007812500000000000000000
64053.8945312500000000000000000
63506.2968750000000000000000000
62965.6484375000000000000000000
62431.7304687500000000000000000
61902.3398437500000000000000000
61378.6562500000000000000000000
60860.7343750000000000000000000
60347.4882812500000000000000000
59839.8242187500000000000000000
59338.9414062500000000000000000
58841.4492187500000000000000000
58351.1289062500000000000000000
57864.0078125000000000000000000
57382.7148437500000000000000000
56907.3125000000000000000000000
56434.9414062500000000000000000
55968.8437500000000000000000000
55507.6132812500000000000000000
55050.7070312500000000000000000
54597.0000000000000000000000000
54151.2187500000000000000000000
53707.8437500000000000000000000
53269.5546875000000000000000000
52835.5039062500000000000000000
52405.4453125000000000000000000
51980.0078125000000000000000000
51559.2265625000000000000000000
51142.2578125000000000000000000
50730.0273437500000000000000000
50321.6835937500000000000000000
49916.9609375000000000000000000
49518.2968750000000000000000000
49120.9296875000000000000000000
48728.4921875000000000000000000
48340.4257812500000000000000000
47956.4570312500000000000000000
47574.8125000000000000000000000
47199.7695312500000000000000000
46825.2890625000000000000000000
46455.6562500000000000000000000
46089.9921875000000000000000000
45728.0273437500000000000000000
45368.5625000000000000000000000
45014.7070312500000000000000000
44662.4921875000000000000000000
44314.0976562500000000000000000
43820.0937500000000000000000000
43142.9726562500000000000000000
42478.8867187500000000000000000
41827.4453125000000000000000000
41189.1796875000000000000000000
40562.2656250000000000000000000
39947.8515625000000000000000000
39344.7226562500000000000000000
38752.9140625000000000000000000
38172.3007812500000000000000000
37601.9453125000000000000000000
37042.8320312500000000000000000
36494.1796875000000000000000000
35955.3437500000000000000000000
35426.3320312500000000000000000
34907.8046875000000000000000000
34397.9570312500000000000000000
33897.0976562500000000000000000
33405.8828125000000000000000000
32923.1289062500000000000000000
32449.5703125000000000000000000
31984.0078125000000000000000000
31527.1660156250000000000000000
31078.4277343750000000000000000
30637.2460937500000000000000000
30204.0820312500000000000000000
29778.8984375000000000000000000
29360.7031250000000000000000000
28949.7871093750000000000000000
28546.6113281250000000000000000
28149.5625000000000000000000000
27760.4785156250000000000000000
27377.3906250000000000000000000
27000.7460937500000000000000000
26630.8222656250000000000000000
26267.1074218750000000000000000
25909.6972656250000000000000000
25558.3359375000000000000000000
25213.2031250000000000000000000
24873.3261718750000000000000000
24539.6816406250000000000000000
24210.9277343750000000000000000
23888.2207031250000000000000000
23570.7441406250000000000000000
23258.4941406250000000000000000
22951.0859375000000000000000000
22649.1484375000000000000000000
22352.3007812500000000000000000
22059.7011718750000000000000000
21772.2421875000000000000000000
21489.6308593750000000000000000
21211.3789062500000000000000000
20937.7421875000000000000000000
20668.1308593750000000000000000
20403.3554687500000000000000000
20142.4492187500000000000000000
19885.9433593750000000000000000
19633.3320312500000000000000000
19384.4843750000000000000000000
19140.0234375000000000000000000
18899.1542968750000000000000000
18662.1191406250000000000000000
18428.8769531250000000000000000
18199.1914062500000000000000000
17973.0156250000000000000000000
17750.5937500000000000000000000
17531.5917968750000000000000000
17315.3710937500000000000000000
17103.0527343750000000000000000
16893.6035156250000000000000000
16687.6113281250000000000000000
16484.6777343750000000000000000
16284.6962890625000000000000000
16088.0039062500000000000000000
15894.2490234375000000000000000
15703.1210937500000000000000000
15515.0585937500000000000000000
15329.7998046875000000000000000
15147.2314453125000000000000000
14967.6445312500000000000000000
14790.3652343750000000000000000
14615.8876953125000000000000000
14443.6826171875000000000000000
14274.2978515625000000000000000
14107.2539062500000000000000000
13942.8925781250000000000000000
13780.6269531250000000000000000
13620.6943359375000000000000000
13463.2294921875000000000000000
13308.0556640625000000000000000
13155.0976562500000000000000000
13004.3330078125000000000000000
12855.6855468750000000000000000
12709.2333984375000000000000000
12564.7939453125000000000000000
12422.2890625000000000000000000
12282.0097656250000000000000000
12143.5556640625000000000000000
12006.8447265625000000000000000
11872.4892578125000000000000000
11739.8720703125000000000000000
11608.9628906250000000000000000
11479.9462890625000000000000000
11352.8984375000000000000000000
11227.3017578125000000000000000
11103.6650390625000000000000000
10981.5185546875000000000000000
10861.0488281250000000000000000
10742.3310546875000000000000000
10625.2197265625000000000000000
10509.9023437500000000000000000
10395.9003906250000000000000000
10283.5644531250000000000000000
10172.5234375000000000000000000
10063.2441406250000000000000000
9955.1289062500000000000000000
9848.6425781250000000000000000
9743.7460937500000000000000000
9640.1230468750000000000000000
9537.7294921875000000000000000
9436.7509765625000000000000000
9337.2080078125000000000000000
9238.8847656250000000000000000
9141.7988281250000000000000000
9046.1357421875000000000000000
8951.5673828125000000000000000
8858.3945312500000000000000000
8766.3466796875000000000000000
8675.4941406250000000000000000
8585.6748046875000000000000000
8497.3105468750000000000000000
8409.8339843750000000000000000
8323.6064453125000000000000000
8238.4658203125000000000000000
8154.3378906250000000000000000
8071.2622070312500000000000000
7989.4008789062500000000000000
7908.5585937500000000000000000
7828.5092773437500000000000000
7749.6801757812500000000000000
7671.7851562500000000000000000
7594.7763671875000000000000000
7518.9331054687500000000000000
7443.7875976562500000000000000
7369.7099609375000000000000000
7296.4697265625000000000000000
7224.2890625000000000000000000
7153.0263671875000000000000000
7082.5712890625000000000000000
7012.8720703125000000000000000
6944.0893554687500000000000000
6876.2338867187500000000000000
6809.0390625000000000000000000
6742.8198242187500000000000000
6677.3715820312500000000000000
6612.7011718750000000000000000
6548.8193359375000000000000000
6485.7011718750000000000000000
6423.2631835937500000000000000
6361.6689453125000000000000000
6300.8017578125000000000000000
6240.5434570312500000000000000
6181.1850585937500000000000000
6122.4511718750000000000000000
6064.4755859375000000000000000
6007.0117187500000000000000000
5950.4169921875000000000000000
5894.3471679687500000000000000
5839.0659179687500000000000000
5784.2597656250000000000000000
5730.1914062500000000000000000
5676.7397460937500000000000000
5623.8466796875000000000000000
5571.8095703125000000000000000
5520.2148437500000000000000000
5469.1650390625000000000000000
5418.7319335937500000000000000
5368.9536132812500000000000000
5319.6406250000000000000000000
5270.9291992187500000000000000
5222.8261718750000000000000000
5175.1391601562500000000000000
5128.1040039062500000000000000
5081.6611328125000000000000000
5035.6840820312500000000000000
4990.1772460937500000000000000
4945.1459960937500000000000000
4900.7622070312500000000000000
4856.8642578125000000000000000
4813.2895507812500000000000000
4770.3447265625000000000000000
4727.7656250000000000000000000
4685.8276367187500000000000000
4644.2646484375000000000000000
4603.1489257812500000000000000
4562.5527343750000000000000000
4522.2773437500000000000000000
4482.4960937500000000000000000
4443.1806640625000000000000000
4404.3344726562500000000000000
4365.8593750000000000000000000
4327.7597656250000000000000000
4290.1767578125000000000000000
4252.9077148437500000000000000
4216.1293945312500000000000000
4179.6035156250000000000000000
4143.6113281250000000000000000
4107.9477539062500000000000000
4072.6689453125000000000000000
4037.8312988281250000000000000
4003.3684082031250000000000000
3969.1435546875000000000000000
3935.3530273437500000000000000
3901.9831542968750000000000000
3868.8962402343750000000000000
3836.1660156250000000000000000
3803.7958984375000000000000000
3771.7180175781250000000000000
3739.9890136718750000000000000
3708.6838378906250000000000000
3677.5905761718750000000000000
3646.9455566406250000000000000
3616.5004882812500000000000000
3586.4196777343750000000000000
3556.7070312500000000000000000
3527.1838378906250000000000000
3498.0527343750000000000000000
3469.2258300781250000000000000
3440.6691894531250000000000000
3412.3125000000000000000000000
3384.4511718750000000000000000
3356.7402343750000000000000000
3329.3471679687500000000000000
3302.2189941406250000000000000
3275.3403320312500000000000000
3248.7504882812500000000000000
3222.4516601562500000000000000
3196.3911132812500000000000000
3170.6267089843750000000000000
3145.1052246093750000000000000
3119.8100585937500000000000000
3094.8935546875000000000000000
3070.0581054687500000000000000
3045.5307617187500000000000000
3021.2766113281250000000000000
2997.2785644531250000000000000
2973.4257812500000000000000000
2949.9855957031250000000000000
2926.5805664062500000000000000
2903.4785156250000000000000000
2880.6245117187500000000000000
2858.0017089843750000000000000
2835.5351562500000000000000000
2813.4191894531250000000000000
2791.4057617187500000000000000
2769.6311035156250000000000000
2738.7558593750000000000000000
2696.4357910156250000000000000
2654.9304199218750000000000000
2614.2153320312500000000000000
2574.3237304687500000000000000
2535.1416015625000000000000000
2496.7407226562500000000000000
2459.0451660156250000000000000
2422.0571289062500000000000000
2385.7687988281250000000000000
2350.1215820312500000000000000
2315.1770019531250000000000000
2280.8862304687500000000000000
2247.2089843750000000000000000
2214.1457519531250000000000000
2181.7377929687500000000000000
2149.8723144531250000000000000
2118.5686035156250000000000000
2087.8676757812500000000000000
2057.6955566406250000000000000
2028.0981445312500000000000000
1999.0004882812500000000000000
1970.4478759765625000000000000
1942.4017333984375000000000000
1914.8278808593750000000000000
1887.7551269531250000000000000
1861.1811523437500000000000000
1835.0439453125000000000000000
1809.3616943359375000000000000
1784.1632080078125000000000000
1759.3476562500000000000000000
1735.0299072265625000000000000
1711.0869140625000000000000000
1687.5466308593750000000000000
1664.4263916015625000000000000
1641.6942138671875000000000000
1619.3560791015625000000000000
1597.3959960937500000000000000
1575.8251953125000000000000000
1554.5828857421875000000000000
1533.7301025390625000000000000
1513.1829833984375000000000000
1493.0137939453125000000000000
1473.1715087890625000000000000
1453.6558837890625000000000000
1434.4428710937500000000000000
1415.5717773437500000000000000
1397.0187988281250000000000000
1378.7313232421875000000000000
1360.7651367187500000000000000
1343.1019287109375000000000000
1325.7111816406250000000000000
1308.6088867187500000000000000
1291.7581787109375000000000000
1275.2097167968750000000000000
1258.9030761718750000000000000
1242.8714599609375000000000000
1227.0832519531250000000000000
1211.5302734375000000000000000
1196.2514648437500000000000000
1181.1971435546875000000000000
1166.3824462890625000000000000
1151.8048095703125000000000000
1137.4494628906250000000000000
1123.3134765625000000000000000
1109.4121093750000000000000000
1095.7244873046875000000000000
1082.2106933593750000000000000
1068.9407958984375000000000000
1055.8502197265625000000000000
1042.9757080078125000000000000
1030.2923583984375000000000000
1017.7935180664062500000000000
1005.5002441406250000000000000
993.3905639648437500000000000
981.4450683593750000000000000
969.6911621093750000000000000
958.1124877929687500000000000
946.7019653320312500000000000
935.4777832031250000000000000
924.3978271484375000000000000
913.4929809570312500000000000
902.7301635742187500000000000
892.1436157226562500000000000
881.7033691406250000000000000
871.4307861328125000000000000
861.2891845703125000000000000
851.2933959960937500000000000
841.4518432617187500000000000
831.7534790039062500000000000
822.1936035156250000000000000
812.7708129882812500000000000
803.4803466796875000000000000
794.3270874023437500000000000
785.2996215820312500000000000
776.3930664062500000000000000
767.6256103515625000000000000
758.9722290039062500000000000
750.4277954101562500000000000
742.0305786132812500000000000
733.7420043945312500000000000
725.5601806640625000000000000
717.4966430664062500000000000
709.5561523437500000000000000
701.7063598632812500000000000
693.9790649414062500000000000
686.3449096679687500000000000
678.8155517578125000000000000
671.3956909179687500000000000
664.0762329101562500000000000
656.8688964843750000000000000
649.7437744140625000000000000
642.7227783203125000000000000
635.7827148437500000000000000
628.9527587890625000000000000
622.1955566406250000000000000
615.5401611328125000000000000
608.9841308593750000000000000
602.5076904296875000000000000
596.1080932617187500000000000
589.7969360351562500000000000
583.5755004882812500000000000
577.4302978515625000000000000
571.3624267578125000000000000
565.3834838867187500000000000
559.4729614257812500000000000
553.6496582031250000000000000
547.8966674804687500000000000
542.2183837890625000000000000
536.6046752929687500000000000
531.0819091796875000000000000
525.6146240234375000000000000
520.2254028320312500000000000
514.9041137695312500000000000
509.6461181640625000000000000
504.4538879394531250000000000
499.3375549316406250000000000
494.2849121093750000000000000
489.2818298339843750000000000
484.3550109863281250000000000
479.4865722656250000000000000
474.6735229492187500000000000
469.9333190917968750000000000
465.2367248535156250000000000
460.6068725585937500000000000
456.0293579101562500000000000
451.5180664062500000000000000
447.0641479492187500000000000
442.6607055664062500000000000
438.3045043945312500000000000
434.0055847167968750000000000
429.7646179199218750000000000
425.5649414062500000000000000
421.4262390136718750000000000
417.3357238769531250000000000
413.2938232421875000000000000
409.3012084960937500000000000
405.3563232421875000000000000
401.4539489746093750000000000
397.6043090820312500000000000
393.8001098632812500000000000
390.0339660644531250000000000
386.3240661621093750000000000
382.6531982421875000000000000
379.0297241210937500000000000
375.4382324218750000000000000
371.9010620117187500000000000
368.3966979980468750000000000
364.9416198730468750000000000
361.5162353515625000000000000
358.1369628906250000000000000
354.7962341308593750000000000
351.4904174804687500000000000
348.2380981445312500000000000
345.0134277343750000000000000
341.8228149414062500000000000
338.6707458496093750000000000
335.5596008300781250000000000
332.4775390625000000000000000
329.4330749511718750000000000
326.4266357421875000000000000
323.4461975097656250000000000
320.5065002441406250000000000
317.6038208007812500000000000
314.7302551269531250000000000
311.8860778808593750000000000
309.0716247558593750000000000
306.2976379394531250000000000
303.5540161132812500000000000
300.8305969238281250000000000
298.1465454101562500000000000
295.4853515625000000000000000
292.8642272949218750000000000
290.2665405273437500000000000
287.6968078613281250000000000
285.1595458984375000000000000
282.6423339843750000000000000
280.1560058593750000000000000
277.6987915039062500000000000
275.2709045410156250000000000
272.8662109375000000000000000
270.4849853515625000000000000
268.1360473632812500000000000
265.8067321777343750000000000
263.5080871582031250000000000
261.2252197265625000000000000
258.9757080078125000000000000
256.7467346191406250000000000
254.5418090820312500000000000
252.3644561767578125000000000
250.2105255126953125000000000
248.0714721679687500000000000
245.9595642089843750000000000
243.8739471435546875000000000
241.8060150146484375000000000
239.7603759765625000000000000
237.7372436523437500000000000
235.7323760986328125000000000
233.7493133544921875000000000
231.7927398681640625000000000
229.8494110107421875000000000
227.9340972900390625000000000
226.0312805175781250000000000
224.1512298583984375000000000
222.2941894531250000000000000
220.4489898681640625000000000
218.6282958984375000000000000
216.8266143798828125000000000
215.0418243408203125000000000
213.2695312500000000000000000
211.5281982421875000000000000
209.7962646484375000000000000
208.0841979980468750000000000
206.3886871337890625000000000
204.7087707519531250000000000
203.0469055175781250000000000
201.4032287597656250000000000
199.7744445800781250000000000
198.1641693115234375000000000
196.5690765380859375000000000
194.9881286621093750000000000
193.4308471679687500000000000
191.8786315917968750000000000
190.3456726074218750000000000
188.8297882080078125000000000
187.3299102783203125000000000
185.8391113281250000000000000
184.3740997314453125000000000
182.9112854003906250000000000
181.4674072265625000000000000
180.0390319824218750000000000
178.6251068115234375000000000
177.2209472656250000000000000
175.8386993408203125000000000
174.4628601074218750000000000
173.1019439697265625000000000
171.1722412109375000000000000
168.5272369384765625000000000
165.9331512451171875000000000
163.3884582519531250000000000
160.8952331542968750000000000
158.4463500976562500000000000
156.0462951660156250000000000
153.6903228759765625000000000
151.3785705566406250000000000
149.1105499267578125000000000
146.8825988769531250000000000
144.6985626220703125000000000
142.5553894042968750000000000
140.4505615234375000000000000
138.3841094970703125000000000
136.3586120605468750000000000
134.3670196533203125000000000
132.4105377197265625000000000
130.4917297363281250000000000
128.6059722900390625000000000
126.7561340332031250000000000
124.9375305175781250000000000
123.1529922485351562500000000
121.4001083374023437500000000
119.6767425537109375000000000
117.9846954345703125000000000
116.3238220214843750000000000
114.6902465820312500000000000
113.0851058959960937500000000
111.5102005004882812500000000
109.9592285156250000000000000
108.4393692016601562500000000
106.9429321289062500000000000
105.4716644287109375000000000
104.0266494750976562500000000
102.6058883666992187500000000
101.2097549438476562500000000
99.8372497558593750000000000
98.4890747070312500000000000
97.1614303588867187500000000
95.8581314086914062500000000
94.5739364624023437500000000
93.3133621215820312500000000
92.0732192993164062500000000
90.8534927368164062500000000
89.6526794433593750000000000
88.4732360839843750000000000
87.3136749267578125000000000
86.1707077026367187500000000
85.0478210449218750000000000
83.9438705444335937500000000
82.8569488525390625000000000
81.7880554199218750000000000
80.7348861694335937500000000
79.7006072998046875000000000
78.6814422607421875000000000
77.6794662475585937500000000
76.6927032470703125000000000
75.7206420898437500000000000
74.7657165527343750000000000
73.8248214721679687500000000
72.8989028930664062500000000
71.9878005981445312500000000
71.0905914306640625000000000
70.2070922851562500000000000
69.3382568359375000000000000
68.4827804565429687500000000
67.6381683349609375000000000
66.8087997436523437500000000
65.9906387329101562500000000
65.1859817504882812500000000
64.3932723999023437500000000
63.6120948791503906250000000
62.8437652587890625000000000
62.0869102478027343750000000
61.3403167724609375000000000
60.6056976318359375000000000
59.8820304870605468750000000
59.1688728332519531250000000
58.4673614501953125000000000
57.7748641967773437500000000
57.0933113098144531250000000
56.4206352233886718750000000
55.7589759826660156250000000
55.1064605712890625000000000
54.4644241333007812500000000
53.8305740356445312500000000
53.2058372497558593750000000
52.5907402038574218750000000
51.9845924377441406250000000
51.3871002197265625000000000
50.7981758117675781250000000
50.2175216674804687500000000
49.6454429626464843750000000
49.0812263488769531250000000
48.5245666503906250000000000
47.9766006469726562500000000
47.4357643127441406250000000
46.9017372131347656250000000
46.3769111633300781250000000
45.8588752746582031250000000
45.3475112915039062500000000
44.8435401916503906250000000
44.3472595214843750000000000
43.8566474914550781250000000
43.3736915588378906250000000
42.8965568542480468750000000
42.4259719848632812500000000
41.9622306823730468750000000
41.5047645568847656250000000
41.0543060302734375000000000
40.6089859008789062500000000
40.1701736450195312500000000
39.7364196777343750000000000
39.3095474243164062500000000
38.8872222900390625000000000
38.4712600708007812500000000
38.0615081787109375000000000
37.6567306518554687500000000
37.2567558288574218750000000
36.8623085021972656250000000
36.4734687805175781250000000
36.0893936157226562500000000
35.7101516723632812500000000
35.3364677429199218750000000
34.9670600891113281250000000
34.6031036376953125000000000
34.2435417175292968750000000
33.8886489868164062500000000
33.5377922058105468750000000
33.1926193237304687500000000
32.8509140014648437500000000
32.5140876770019531250000000
32.1815071105957031250000000
31.8528823852539062500000000
31.5283679962158203125000000
31.2085971832275390625000000
30.8928070068359375000000000
30.5801143646240234375000000
30.2721881866455078125000000
29.9679107666015625000000000
29.6670951843261718750000000
29.3708324432373046875000000
29.0772953033447265625000000
28.7879295349121093750000000
28.5018348693847656250000000
28.2198791503906250000000000
27.9415092468261718750000000
27.6662940979003906250000000
27.3940315246582031250000000
27.1253490447998046875000000
26.8602886199951171875000000
26.5978088378906250000000000
26.3391399383544921875000000
26.0834827423095703125000000
25.8308639526367187500000000
25.5813255310058593750000000
25.3347702026367187500000000
25.0908718109130859375000000
24.8502693176269531250000000
24.6125068664550781250000000
24.3771228790283203125000000
24.1452541351318359375000000
23.9158248901367187500000000
23.6893577575683593750000000
23.4648895263671875000000000
23.2438163757324218750000000
23.0247936248779296875000000
22.8088512420654296875000000
22.5947647094726562500000000
22.3835601806640625000000000
22.1747646331787109375000000
21.9681510925292968750000000
21.7648811340332031250000000
21.5633392333984375000000000
21.3639259338378906250000000
21.1669216156005859375000000
20.9724750518798828125000000
20.7798461914062500000000000
20.5895671844482421875000000
20.4016647338867187500000000
20.2153873443603515625000000
20.0316562652587890625000000
19.8502388000488281250000000
19.6706409454345703125000000
19.4928798675537109375000000
19.3169765472412109375000000
19.1436023712158203125000000
18.9721260070800781250000000
18.8019123077392578125000000
18.6341590881347656250000000
18.4678344726562500000000000
18.3040142059326171875000000
18.1416587829589843750000000
17.9810504913330078125000000
17.8224716186523437500000000
17.6651458740234375000000000
17.5097503662109375000000000
17.3561744689941406250000000
17.2044315338134765625000000
17.0541381835937500000000000
16.9053115844726562500000000
16.7585029602050781250000000
16.6129207611083984375000000
16.4692554473876953125000000
16.3265762329101562500000000
16.1859817504882812500000000
16.0466709136962890625000000
15.9088630676269531250000000
15.7727785110473632812500000
15.6381578445434570312500000
15.5044670104980468750000000
15.3724727630615234375000000
15.2421216964721679687500000
15.1128759384155273437500000
14.9850234985351562500000000
14.8585777282714843750000000
14.7332735061645507812500000
14.6093320846557617187500000
14.4870462417602539062500000
14.3655881881713867187500000
14.2458810806274414062500000
14.1269550323486328125000000
14.0094518661499023437500000
13.8933868408203125000000000
13.7780618667602539062500000
13.6642684936523437500000000
13.5516633987426757812500000
13.4401140213012695312500000
13.3293457031250000000000000
13.2205123901367187500000000
13.1122665405273437500000000
13.0052623748779296875000000
12.8992929458618164062500000
12.7942981719970703125000000
12.6904315948486328125000000
12.5877017974853515625000000
12.4859027862548828125000000
12.3852605819702148437500000
12.2855672836303710937500000
12.1867580413818359375000000
12.0894279479980468750000000
11.9924144744873046875000000
11.8966045379638671875000000
11.8018617630004882812500000
11.7081193923950195312500000
11.6149444580078125000000000
11.5233812332153320312500000
11.4319553375244140625000000
11.3417129516601562500000000
11.2524394989013671875000000
11.1640691757202148437500000
11.0763092041015625000000000
10.9899187088012695312500000
10.9039287567138671875000000
10.8188714981079101562500000
10.6982650756835937500000000
10.5329523086547851562500000
10.3708219528198242187500000
10.2117786407470703125000000
10.0559520721435546875000000
9.9028968811035156250000000
9.7528934478759765625000000
9.6056451797485351562500000
9.4611606597900390625000000
9.3194093704223632812500000
9.1801624298095703125000000
9.0436601638793945312500000
8.9097118377685546875000000
8.7781600952148437500000000
8.6490068435668945312500000
8.5224132537841796875000000
8.3979387283325195312500000
8.2756586074829101562500000
8.1557331085205078125000000
8.0378732681274414062500000
7.9222583770751953125000000
7.8085956573486328125000000
7.6970620155334472656250000
7.5875067710876464843750000
7.4797964096069335937500000
7.3740434646606445312500000
7.2702388763427734375000000
7.1681404113769531250000000
7.0678191184997558593750000
6.9693875312805175781250000
6.8724517822265625000000000
6.7774605751037597656250000
6.6839332580566406250000000
6.5919790267944335937500000
6.5016655921936035156250000
6.4128680229187011718750000
6.3256096839904785156250000
6.2398281097412109375000000
6.1555671691894531250000000
6.0725893974304199218750000
5.9911332130432128906250000
5.9108710289001464843750000
5.8320851325988769531250000
5.7545762062072753906250000
5.6783432960510253906250000
5.6032924652099609375000000
5.5295772552490234375000000
5.4571046829223632812500000
5.3856692314147949218750000
5.3154888153076171875000000
5.2464919090270996093750000
5.1785593032836914062500000
5.1117534637451171875000000
5.0459303855895996093750000
4.9812879562377929687500000
4.9175901412963867187500000
4.8549666404724121093750000
4.7932939529418945312500000
4.7325401306152343750000000
4.6728572845458984375000000
4.6140513420104980468750000
4.5561814308166503906250000
4.4992375373840332031250000
4.4431619644165039062500000
4.3879432678222656250000000
4.3336410522460937500000000
4.2801737785339355468750000
4.2273855209350585937500000
4.1755499839782714843750000
4.1244149208068847656250000
4.0741238594055175781250000
4.0245795249938964843750000
3.9757559299468994140625000
3.9277353286743164062500000
3.8804318904876708984375000
3.8337697982788085937500000
3.7878561019897460937500000
3.7426269054412841796875000
3.6980545520782470703125000
3.6542100906372070312500000
3.6109290122985839843750000
3.5683319568634033203125000
3.5262897014617919921875000
3.4849359989166259765625000
3.4441537857055664062500000
3.4040265083312988281250000
3.3644108772277832031250000
3.3253648281097412109375000
3.2869212627410888671875000
3.2490370273590087890625000
3.2116937637329101562500000
3.1748859882354736328125000
3.1385951042175292968750000
3.1028401851654052734375000
3.0675766468048095703125000
3.0327854156494140625000000
2.9985375404357910156250000
2.9647352695465087890625000
2.9313585758209228515625000
2.8985569477081298828125000
2.8661797046661376953125000
2.8342194557189941406250000
2.8027212619781494140625000
2.7717037200927734375000000
2.7410404682159423828125000
2.7108557224273681640625000
2.6810348033905029296875000
2.6516232490539550781250000
2.6226394176483154296875000
2.5940477848052978515625000
2.5658941268920898437500000
2.5380616188049316406250000
2.5106358528137207031250000
2.4835262298583984375000000
2.4568467140197753906250000
2.4304513931274414062500000
2.4044537544250488281250000
2.3788442611694335937500000
2.3535456657409667968750000
2.3285472393035888671875000
2.3038942813873291015625000
2.2795917987823486328125000
2.2555871009826660156250000
2.2318844795227050781250000
2.2085292339324951171875000
2.1854412555694580078125000
2.1626939773559570312500000
2.1402213573455810546875000
2.1180405616760253906250000
2.0961120128631591796875000
2.0745387077331542968750000
2.0531821250915527343750000
2.0321304798126220703125000
2.0113441944122314453125000
1.9908051490783691406250000
1.9705229997634887695312500
1.9505373239517211914062500
1.9308004379272460937500000
1.9112571477890014648437500
1.8920117616653442382812500
1.8729944229125976562500000
1.8541934490203857421875000
1.8356770277023315429687500
1.8173309564590454101562500
1.7992455959320068359375000
1.7813646793365478515625000
1.7637424468994140625000000
1.7463443279266357421875000
1.7291433811187744140625000
1.7121269702911376953125000
1.6953343152999877929687500
1.6787680387496948242187500
1.6623630523681640625000000
1.6461962461471557617187500
1.6302176713943481445312500
1.6144289970397949218750000
1.5988328456878662109375000
1.5834231376647949218750000
1.5681794881820678710937500
1.5531418323516845703125000
1.5382816791534423828125000
1.5235701799392700195312500
1.5090783834457397460937500
1.4947390556335449218750000
1.4805848598480224609375000
1.4665555953979492187500000
1.4527385234832763671875000
1.4390496015548706054687500
1.4255532026290893554687500
1.4121727943420410156250000
1.3989725112915039062500000
1.3859227895736694335937500
1.3730094432830810546875000
1.3603050708770751953125000
1.3477087020874023437500000
1.3352453708648681640625000
1.3229326009750366210937500
1.3107796907424926757812500
1.2987403869628906250000000
1.2868479490280151367187500
1.2751040458679199218750000
1.2634617090225219726562500
1.2519785165786743164062500
1.2406399250030517578125000
1.2294150590896606445312500
1.2183049917221069335937500
1.2073110342025756835937500
1.1964751482009887695312500
1.1857578754425048828125000
1.1751195192337036132812500
1.1646349430084228515625000
1.1542396545410156250000000
1.1440008878707885742187500
1.1338536739349365234375000
1.1238156557083129882812500
1.1139044761657714843750000
1.1040716171264648437500000
1.0943593978881835937500000
1.0847609043121337890625000
1.0752769708633422851562500
1.0658836364746093750000000
1.0565819740295410156250000
1.0474064350128173828125000
1.0383075475692749023437500
1.0293284654617309570312500
1.0204110145568847656250000
1.0116238594055175781250000
1.0029169321060180664062500
0.9943039417266845703125000
0.9857986569404602050781250
0.9773848652839660644531250
0.9690291881561279296875000
0.9607795476913452148437500
0.9526326060295104980468750
0.9445547461509704589843750
0.9365639686584472656250000
0.9286611080169677734375000
0.9208295941352844238281250
0.9130832552909851074218750
0.9054403901100158691406250
0.8978492617607116699218750
0.8903675675392150878906250
0.8829346895217895507812500
0.8755907416343688964843750
0.8683366775512695312500000
0.8611288666725158691406250
0.8540167808532714843750000
0.8469789624214172363281250
0.8400071263313293457031250
0.8330841064453125000000000
0.8262820243835449218750000
0.8195166587829589843750000
0.8128288984298706054687500
0.8062058091163635253906250
0.7996436357498168945312500
0.7931519746780395507812500
0.7867313623428344726562500
0.7803689241409301757812500
0.7740787863731384277343750
0.7678479552268981933593750
0.7616723775863647460937500
0.7555892467498779296875000
0.7495259046554565429687500
0.7435377836227416992187500
0.7376163601875305175781250
0.7317574620246887207031250
0.7259340286254882812500000
0.7202113270759582519531250
0.7144972085952758789062500
0.7088570594787597656250000
0.7032774686813354492187500
0.6977543234825134277343750
0.6922693252563476562500000
0.6868699193000793457031250
0.6814955472946166992187500
0.6761794686317443847656250
0.6686415672302246093750000
0.6583095192909240722656250
0.6481763720512390136718750
0.6382361650466918945312500
0.6284970045089721679687500
0.6189310550689697265625000
0.6095558404922485351562500
0.6003528237342834472656250
0.5913225412368774414062500
0.5824630856513977050781250
0.5737601518630981445312500
0.5652287602424621582031250
0.5568569898605346679687500
0.5486350059509277343750000
0.5405629277229309082031250
0.5326508283615112304687500
0.5248711705207824707031250
0.5172286629676818847656250
0.5097333192825317382812500
0.5023670792579650878906250
0.4951411485671997070312500
0.4880372285842895507812500
0.4810663759708404541015625
0.4742191731929779052734375
0.4674872756004333496093750
0.4608777165412902832031250
0.4543899297714233398437500
0.4480087757110595703125000
0.4417386949062347412109375
0.4355867207050323486328125
0.4295282363891601562500000
0.4235912859439849853515625
0.4177458286285400390625000
0.4119986891746520996093750
0.4063540995121002197265625
0.4008042514324188232421875
0.3953506052494049072265625
0.3899892568588256835937500
0.3847229480743408203125000
0.3795368373394012451171875
0.3744458258152008056640625
0.3694294393062591552734375
0.3645053207874298095703125
0.3596610128879547119140625
0.3548964560031890869140625
0.3502057790756225585937500
0.3455985784530639648437500
0.3410690426826477050781250
0.3366043269634246826171875
0.3322180509567260742187500
0.3279057443141937255859375
0.3236599564552307128906250
0.3194845914840698242187500
0.3153706490993499755859375
0.3113304972648620605468750
0.3073493838310241699218750
0.3034354150295257568359375
0.2995808720588684082031250
0.2957837581634521484375000
0.2920535802841186523437500
0.2883782088756561279296875
0.2847613394260406494140625
0.2812023460865020751953125
0.2776976227760314941406250
0.2742464542388916015625000
0.2708525657653808593750000
0.2675108611583709716796875
0.2642115950584411621093750
0.2609718739986419677734375
0.2577759325504302978515625
0.2546327412128448486328125
0.2515362203121185302734375
0.2484847456216812133789063
0.2454834580421447753906250
0.2425269931554794311523438
0.2396106123924255371093750
0.2367410063743591308593750
0.2339141815900802612304688
0.2311284095048904418945313
0.2283881306648254394531250
0.2256830632686614990234375
0.2230207473039627075195313
0.2203931063413619995117188
0.2178084999322891235351563
0.2152596116065979003906250
0.2127516567707061767578125
0.2102756798267364501953125
0.2078353017568588256835938
0.2054325789213180541992188
0.2030648142099380493164063
0.2007308602333068847656250
0.1984303742647171020507813
0.1961621940135955810546875
0.1939275115728378295898438
0.1917235404253005981445313
0.1895490884780883789062500
0.1874085962772369384765625
0.1852959543466567993164063
0.1832099109888076782226563
0.1811598092317581176757813
0.1791362315416336059570313
0.1771387159824371337890625
0.1751700788736343383789063
0.1732314825057983398437500
0.1713150292634963989257813
0.1694284826517105102539063
0.1675646752119064331054688
0.1657264530658721923828125
0.1639149636030197143554688
0.1621279865503311157226563
0.1603683829307556152343750
0.1586288511753082275390625
0.1569147408008575439453125
0.1552203893661499023437500
0.1535529196262359619140625
0.1519032120704650878906250
0.1502783596515655517578125
0.1486777663230895996093750
0.1470966041088104248046875
0.1455342024564743041992188
0.1439933925867080688476563
0.1424744874238967895507813
0.1409741938114166259765625
0.1394927799701690673828125
0.1380330771207809448242188
0.1365900784730911254882813
0.1351683735847473144531250
0.1337638348340988159179688
0.1323775351047515869140625
0.1310070008039474487304688
0.1296586692333221435546875
0.1283238828182220458984375
0.1270081549882888793945313
0.1257090121507644653320313
0.1244253218173980712890625
0.1231576874852180480957031
0.1219085827469825744628906
0.1206750273704528808593750
0.1194535717368125915527344
0.1182507351040840148925781
0.1170621514320373535156250
0.1158870905637741088867188
0.1147298142313957214355469
0.1135831847786903381347656
0.1124528497457504272460938
0.1113352924585342407226563
0.1102339029312133789062500
0.1091465204954147338867188
0.1080714613199234008789063
0.1070079356431961059570313
0.1059583947062492370605469
0.1049230024218559265136719
0.1038976907730102539062500
0.1028872653841972351074219
0.1018886044621467590332031
0.1009018123149871826171875
0.0999270528554916381835938
0.0989639461040496826171875
0.0980112180113792419433594
0.0970713645219802856445313
0.0961426049470901489257813
0.0952231362462043762207031
0.0943173989653587341308594
0.0934211909770965576171875
0.0925365537405014038085938
0.0916597247123718261718750
0.0907961577177047729492188
0.0899406000971794128417969
0.0890970751643180847167969
0.0882607996463775634765625
0.0874357819557189941406250
0.0866201743483543395996094
0.0858130902051925659179688
0.0850190669298171997070313
0.0842317938804626464843750
0.0834528356790542602539063
0.0826832875609397888183594
0.0819237306714057922363281
0.0811712741851806640625000
0.0804279968142509460449219
0.0796940028667449951171875
0.0789663568139076232910156
0.0782486572861671447753906
0.0775399953126907348632813
0.0768384411931037902832031
0.0761440619826316833496094
0.0754569396376609802246094
0.0747796967625617980957031
0.0741098672151565551757813
0.0734449699521064758300781
0.0727896839380264282226563
0.0721399784088134765625000
0.0715000554919242858886719
0.0708658546209335327148438
0.0702384784817695617675781
0.0696190297603607177734375
0.0690044760704040527343750
0.0683974623680114746093750
0.0677975565195083618164063
0.0672048106789588928222656
0.0666177272796630859375000
0.0660363733768463134765625
0.0654629021883010864257813
0.0648942217230796813964844
0.0643330290913581848144531
0.0637756884098052978515625
0.0632264912128448486328125
0.0626823082566261291503906
0.0621439963579177856445313
0.0616124160587787628173828
0.0610865540802478790283203
0.0605643242597579956054688
0.0600487217307090759277344
0.0595395378768444061279297
0.0590346716344356536865234
0.0585352480411529541015625
0.0580413192510604858398438
0.0575518496334552764892578
0.0570677034556865692138672
0.0565900243818759918212891
0.0561155788600444793701172
0.0556479729712009429931641
0.0551834180951118469238281
0.0547244213521480560302734
0.0542710423469543457031250
0.0538205541670322418212891
0.0533760488033294677734375
0.0529361851513385772705078
0.0525004453957080841064453
0.0520677566528320312500000
0.0516426265239715576171875
0.0512197911739349365234375
0.0508018061518669128417969
0.0503878630697727203369141
0.0499777272343635559082031
0.0495719984173774719238281
0.0491707101464271545410156
0.0487730577588081359863281
0.0483799241483211517333984
0.0479904972016811370849609
0.0476045235991477966308594
0.0472243279218673706054688
0.0468453690409660339355469
0.0464711114764213562011719
0.0461010225117206573486328
0.0457348413765430450439453
0.0453708767890930175781250
0.0450132079422473907470703
0.0446560755372047424316406
0.0443035662174224853515625
0.0439548417925834655761719
0.0436096452176570892333984
0.0432668328285217285156250
0.0429293699562549591064453
0.0425934717059135437011719
0.0422612167894840240478516
0.0417900979518890380859375
0.0411443449556827545166016
0.0405110232532024383544922
0.0398897603154182434082031
0.0392810627818107604980469
0.0386831909418106079101563
0.0380972400307655334472656
0.0375220514833927154541016
0.0369576588273048400878906
0.0364039428532123565673828
0.0358600094914436340332031
0.0353267975151538848876953
0.0348035618662834167480469
0.0342896878719329833984375
0.0337851829826831817626953
0.0332906767725944519042969
0.0328044481575489044189453
0.0323267914354801177978516
0.0318583324551582336425781
0.0313979424536228179931641
0.0309463217854499816894531
0.0305023267865180969238281
0.0300666484981775283813477
0.0296386983245611190795898
0.0292179547250270843505859
0.0288048572838306427001953
0.0283993706107139587402344
0.0280005484819412231445313
0.0276086684316396713256836
0.0272241700440645217895508
0.0268455147743225097656250
0.0264744553714990615844727
0.0261091142892837524414063
0.0257499180734157562255859
0.0253971312195062637329102
0.0250502657145261764526367
0.0247094128280878067016602
0.0243743285536766052246094
0.0240451842546463012695313
0.0237210523337125778198242
0.0234028641134500503540039
0.0230893399566411972045898
0.0227815825492143630981445
0.0224788133054971694946289
0.0221810285001993179321289
0.0218878611922264099121094
0.0215999111533164978027344
0.0213168151676654815673828
0.0210377704352140426635742
0.0207636281847953796386719
0.0204941090196371078491211
0.0202287472784519195556641
0.0199677869677543640136719
0.0197106655687093734741211
0.0194581560790538787841797
0.0192093364894390106201172
0.0189647134393453598022461
0.0187238045036792755126953
0.0184864848852157592773438
0.0182533487677574157714844
0.0180236380547285079956055
0.0177975837141275405883789
0.0175751466304063796997070
0.0173561014235019683837891
0.0171404033899307250976563
0.0169282853603363037109375
0.0167194288223981857299805
0.0165132246911525726318359
0.0163107421249151229858398
0.0161109957844018936157227
0.0159145463258028030395508
0.0157210137695074081420898
0.0155302966013550758361816
0.0153427161276340484619141
0.0151579370722174644470215
0.0149756632745265960693359
0.0147963128983974456787109
0.0146196363493800163269043
0.0144455255940556526184082
0.0142742581665515899658203
0.0141051914542913436889648
0.0139387967064976692199707
0.0137745691463351249694824
0.0136130312457680702209473
0.0134537257254123687744141
0.0132969785481691360473633
0.0131422299891710281372070
0.0129897063598036766052246
0.0128395361825823783874512
0.0126915508881211280822754
0.0125456787645816802978516
0.0124018983915448188781738
0.0122601371258497238159180
0.0121204694733023643493652
0.0119827212765812873840332
0.0118468180298805236816406
0.0117130372673273086547852
0.0115809971466660499572754
0.0114506194368004798889160
0.0113224880769848823547363
0.0111960144713521003723145
0.0110711697489023208618164
0.0109481299296021461486816
0.0108269676566123962402344
0.0107071893289685249328613
0.0105892801657319068908691
0.0104727922007441520690918
0.0103579033166170120239258
0.0102446852251887321472168
0.0101329991593956947326660
0.0100230239331722259521484
0.0099143031984567642211914
0.0098071713000535964965820
0.0097012743353843688964844
0.0095970574766397476196289
0.0094939507544040679931641
0.0093923974782228469848633
0.0092923603951930999755859
0.0091935377568006515502930
0.0090958876535296440124512
0.0089995870366692543029785
0.0089046554639935493469238
0.0088108871132135391235352
0.0087182987481355667114258
0.0086270673200488090515137
0.0085368799045681953430176
0.0084480233490467071533203
0.0083602396771311759948730
0.0082735959440469741821289
0.0081879375502467155456543
0.0081036668270826339721680
0.0080202426761388778686523
0.0079380096867680549621582
0.0078568132594227790832520
0.0077765826135873794555664
0.0076973554678261280059814
0.0076192864216864109039307
0.0075421892106533050537109
0.0074658482335507869720459
0.0073906709440052509307861
0.0073163844645023345947266
0.0072429431602358818054199
0.0071706133894622325897217
0.0070989490486681461334229
0.0070283031091094017028809
0.0069584557786583900451660
0.0068896189332008361816406
0.0068216575309634208679199
0.0067544663324952125549316
0.0066879959776997566223145
0.0066223996691405773162842
0.0065576876513659954071045
0.0064936056733131408691406
0.0064304540865123271942139
0.0063680377788841724395752
0.0063063632696866989135742
0.0062454408034682273864746
0.0061852466315031051635742
0.0061257011257112026214600
0.0060669602826237678527832
0.0060089128091931343078613
0.0059514460153877735137939
0.0058948374353349208831787
0.0058388244360685348510742
0.0057835346087813377380371
0.0057287327945232391357422
0.0056747598573565483093262
0.0056212875060737133026123
0.0055685671977698802947998
0.0055162999778985977172852
0.0054647363722324371337891
0.0054137608967721462249756
0.0053633181378245353698730
0.0053136916831135749816895
0.0052644871175289154052734
0.0052158022299408912658691
0.0051677054725587368011475
0.0051202331669628620147705
0.0050732046365737915039063
0.0050267498008906841278076
0.0049808751791715621948242
0.0049353973008692264556885
0.0048905410803854465484619
0.0048462497070431709289551
0.0048024025745689868927002
0.0047590038739144802093506
0.0047160587273538112640381
0.0046737310476601123809814
0.0046318667009472846984863
0.0045903106220066547393799
0.0045493552461266517639160
0.0045087486505508422851563
0.0044687534682452678680420
0.0044291159138083457946777
0.0043899049051105976104736
0.0043511893600225448608398
0.0043127797544002532958984
0.0042748413980007171630859
0.0042373472824692726135254
0.0042003006674349308013916
0.0041636079549789428710938
0.0041272733360528945922852
0.0040914313867688179016113
0.0040558888576924800872803
0.0040208143182098865509033
0.0039859805256128311157227
0.0039516557008028030395508
0.0039176442660391330718994
0.0038839997723698616027832
0.0038507760036736726760864
0.0038179096300154924392700
0.0037852702662348747253418
0.0037530451081693172454834
0.0037212211173027753829956
0.0036896669771522283554077
0.0036584530025720596313477
0.0036275824531912803649902
0.0035969906020909547805786
0.0035667314659804105758667
0.0035368765238672494888306
0.0035072236787527799606323
0.0034779983107000589370728
0.0034489636309444904327393
0.0034202763345092535018921
0.0033919401466846466064453
0.0033637846354395151138306
0.0033360030502080917358398
0.0033085115719586610794067
0.0032812778372317552566528
0.0032542347908020019531250
0.0032276641577482223510742
0.0032012369483709335327148
0.0031751128844916820526123
0.0031492414418607950210571
0.0031236079521477222442627
0.0030982499010860919952393
0.0030731693841516971588135
0.0030483161099255084991455
0.0030237452592700719833374
0.0029994060751050710678101
0.0029752827249467372894287
0.0029515204951167106628418
0.0029278355650603771209717
0.0029044444672763347625732
0.0028813139069825410842896
0.0028584275860339403152466
0.0028356797993183135986328
0.0028133254963904619216919
0.0027910047210752964019775
0.0027689728885889053344727
0.0027471776120364665985107
0.0027256028261035680770874
0.0027041770517826080322266
0.0026830856222659349441528
0.0026620919816195964813232
0.0026413260493427515029907
