-43221379973120.0000000000000000000000000
-41896088961024.0000000000000000000000000
-40616561999872.0000000000000000000000000
-39380815183872.0000000000000000000000000
-38187187568640.0000000000000000000000000
-37034320199680.0000000000000000000000000
-35920111730688.0000000000000000000000000
-34843620540416.0000000000000000000000000
-33803630280704.0000000000000000000000000
-32797932650496.0000000000000000000000000
-31826053693440.0000000000000000000000000
-30886342950912.0000000000000000000000000
-29977974145024.0000000000000000000000000
-29099376508928.0000000000000000000000000
-28249377734656.0000000000000000000000000
-27427629694976.0000000000000000000000000
-26632454668288.0000000000000000000000000
-25863080902656.0000000000000000000000000
-25118812143616.0000000000000000000000000
-24398281048064.0000000000000000000000000
-23701204500480.0000000000000000000000000
-23026198380544.0000000000000000000000000
-22373050875904.0000000000000000000000000
-21740463849472.0000000000000000000000000
-21127954956288.0000000000000000000000000
-20534679044096.0000000000000000000000000
-19960445272064.0000000000000000000000000
-19403804508160.0000000000000000000000000
-18864643506176.0000000000000000000000000
-18342513475584.0000000000000000000000000
-17836290342912.0000000000000000000000000
-17346015002624.0000000000000000000000000
-16870603227136.0000000000000000000000000
-16410005733376.0000000000000000000000000
-15963421409280.0000000000000000000000000
-15530298703872.0000000000000000000000000
-15110664880128.0000000000000000000000000
-14703378038784.0000000000000000000000000
-14308831395840.0000000000000000000000000
-13925674385408.0000000000000000000000000
-13554422906880.0000000000000000000000000
-13194175184896.0000000000000000000000000
-12844488720384.0000000000000000000000000
-12505328910336.0000000000000000000000000
-12176253255680.0000000000000000000000000
-11856595910656.0000000000000000000000000
-11546824540160.0000000000000000000000000
-11245734330368.0000000000000000000000000
-10953703817216.0000000000000000000000000
-10670025211904.0000000000000000000000000
-10394696417280.0000000000000000000000000
-10127278080000.0000000000000000000000000
-9867518541824.0000000000000000000000000
-9615329722368.0000000000000000000000000
-9370286948352.0000000000000000000000000
-9132280119296.0000000000000000000000000
-8901029265408.0000000000000000000000000
-8676357701632.0000000000000000000000000
-8457986506752.0000000000000000000000000
-8245839134720.0000000000000000000000000
-8039692238848.0000000000000000000000000
-7839348162560.0000000000000000000000000
-7644499673088.0000000000000000000000000
-7455130517504.0000000000000000000000000
-7271056146432.0000000000000000000000000
-7092114554880.0000000000000000000000000
-6917996937216.0000000000000000000000000
-6748683894784.0000000000000000000000000
-6584070045696.0000000000000000000000000
-6423989714944.0000000000000000000000000
-6268153495552.0000000000000000000000000
-6116681973760.0000000000000000000000000
-5969262673920.0000000000000000000000000
-5825851555840.0000000000000000000000000
-5686257778688.0000000000000000000000000
-5550456700928.0000000000000000000000000
-5418299424768.0000000000000000000000000
-5289654353920.0000000000000000000000000
-5164434980864.0000000000000000000000000
-5042530156544.0000000000000000000000000
-4923871199232.0000000000000000000000000
-4808389951488.0000000000000000000000000
-4695890853888.0000000000000000000000000
-4586315186176.0000000000000000000000000
-4479643025408.0000000000000000000000000
-4375794417664.0000000000000000000000000
-4274552045568.0000000000000000000000000
-4175999270912.0000000000000000000000000
-4079972253696.0000000000000000000000000
-3986448973824.0000000000000000000000000
-3895316185088.0000000000000000000000000
-3806531158016.0000000000000000000000000
-3720021278720.0000000000000000000000000
-3635681427456.0000000000000000000000000
-3553530216448.0000000000000000000000000
-3473401184256.0000000000000000000000000
-3395364585472.0000000000000000000000000
-3319242424320.0000000000000000000000000
-3245062225920.0000000000000000000000000
-3172729618432.0000000000000000000000000
-3102240407552.0000000000000000000000000
-3033477677056.0000000000000000000000000
-2966428057600.0000000000000000000000000
-2901045936128.0000000000000000000000000
-2837287010304.0000000000000000000000000
-2775084171264.0000000000000000000000000
-2714433224704.0000000000000000000000000
-2655227215872.0000000000000000000000000
-2597491572736.0000000000000000000000000
-2541169934336.0000000000000000000000000
-2486258106368.0000000000000000000000000
-2432605356032.0000000000000000000000000
-2380300025856.0000000000000000000000000
-2329232277504.0000000000000000000000000
-2279428849664.0000000000000000000000000
-2230779904000.0000000000000000000000000
-2183279673344.0000000000000000000000000
-2136974163968.0000000000000000000000000
-2091753668608.0000000000000000000000000
-2047591055360.0000000000000000000000000
-2004469809152.0000000000000000000000000
-1962368303104.0000000000000000000000000
-1921269104640.0000000000000000000000000
-1881134858240.0000000000000000000000000
-1841932795904.0000000000000000000000000
-1803655970816.0000000000000000000000000
-1766266503168.0000000000000000000000000
-1729772912640.0000000000000000000000000
-1694095114240.0000000000000000000000000
-1659242151936.0000000000000000000000000
-1625190170624.0000000000000000000000000
-1591932747776.0000000000000000000000000
-1559451533312.0000000000000000000000000
-1527702618112.0000000000000000000000000
-1496683642880.0000000000000000000000000
-1466371538944.0000000000000000000000000
-1436753068032.0000000000000000000000000
-1407789694976.0000000000000000000000000
-1379482992640.0000000000000000000000000
-1351825883136.0000000000000000000000000
-1324778520576.0000000000000000000000000
-1298328190976.0000000000000000000000000
-1272512643072.0000000000000000000000000
-1247241568256.0000000000000000000000000
-1222542229504.0000000000000000000000000
-1198380417024.0000000000000000000000000
-1174768844800.0000000000000000000000000
-1151677759488.0000000000000000000000000
-1129089073152.0000000000000000000000000
-1106998591488.0000000000000000000000000
-1085403234304.0000000000000000000000000
-1064273641472.0000000000000000000000000
-1043595984896.0000000000000000000000000
-1023386845184.0000000000000000000000000
-1003612471296.0000000000000000000000000
-984257855488.0000000000000000000000000
-965327912960.0000000000000000000000000
-946810454016.0000000000000000000000000
-928681426944.0000000000000000000000000
-910936899584.0000000000000000000000000
-893601513472.0000000000000000000000000
-876611764224.0000000000000000000000000
-859994783744.0000000000000000000000000
-843728617472.0000000000000000000000000
-827811627008.0000000000000000000000000
-812219432960.0000000000000000000000000
-796970975232.0000000000000000000000000
-782033944576.0000000000000000000000000
-767416991744.0000000000000000000000000
-753100587008.0000000000000000000000000
-739088203776.0000000000000000000000000
-725360246784.0000000000000000000000000
-711935721472.0000000000000000000000000
-698781990912.0000000000000000000000000
-685897285632.0000000000000000000000000
-673280032768.0000000000000000000000000
-660925972480.0000000000000000000000000
-648825274368.0000000000000000000000000
-636971384832.0000000000000000000000000
-625364893696.0000000000000000000000000
-613991186432.0000000000000000000000000
-602850852864.0000000000000000000000000
-591944810496.0000000000000000000000000
-581245272064.0000000000000000000000000
-570781532160.0000000000000000000000000
-560520298496.0000000000000000000000000
-550457442304.0000000000000000000000000
-540601155584.0000000000000000000000000
-530957402112.0000000000000000000000000
-521487908864.0000000000000000000000000
-512214007808.0000000000000000000000000
-503125934080.0000000000000000000000000
-494226931712.0000000000000000000000000
-485494226944.0000000000000000000000000
-476943810560.0000000000000000000000000
-468553105408.0000000000000000000000000
-460327682048.0000000000000000000000000
-452270718976.0000000000000000000000000
-444369764352.0000000000000000000000000
-436627865600.0000000000000000000000000
-429029949440.0000000000000000000000000
-421581815808.0000000000000000000000000
-414286282752.0000000000000000000000000
-407123361792.0000000000000000000000000
-400100950016.0000000000000000000000000
-393223634944.0000000000000000000000000
-386467037184.0000000000000000000000000
-379845967872.0000000000000000000000000
-373352890368.0000000000000000000000000
-366990884864.0000000000000000000000000
-360740945920.0000000000000000000000000
-354611101696.0000000000000000000000000
-348594012160.0000000000000000000000000
-342699081728.0000000000000000000000000
-336916316160.0000000000000000000000000
-331243421696.0000000000000000000000000
-325676892160.0000000000000000000000000
-320211779584.0000000000000000000000000
-314848575488.0000000000000000000000000
-309597765632.0000000000000000000000000
-304432545792.0000000000000000000000000
-299367464960.0000000000000000000000000
-294398918656.0000000000000000000000000
-289519304704.0000000000000000000000000
-284739436544.0000000000000000000000000
-280038703104.0000000000000000000000000
-275429163008.0000000000000000000000000
-270904508416.0000000000000000000000000
-266461134848.0000000000000000000000000
-262101860352.0000000000000000000000000
-257822998528.0000000000000000000000000
-253621026816.0000000000000000000000000
-249497337856.0000000000000000000000000
-245448343552.0000000000000000000000000
-241470324736.0000000000000000000000000
-237570031616.0000000000000000000000000
-233741156352.0000000000000000000000000
-229977423872.0000000000000000000000000
-226280357888.0000000000000000000000000
-222652743680.0000000000000000000000000
-219088257024.0000000000000000000000000
-215593615360.0000000000000000000000000
-212156006400.0000000000000000000000000
-208778215424.0000000000000000000000000
-205468205056.0000000000000000000000000
-202211852288.0000000000000000000000000
-199013908480.0000000000000000000000000
-195876454400.0000000000000000000000000
-192788021248.0000000000000000000000000
-189757128704.0000000000000000000000000
-186780090368.0000000000000000000000000
-183855104000.0000000000000000000000000
-180981678080.0000000000000000000000000
-178159943680.0000000000000000000000000
-175387459584.0000000000000000000000000
-172660441088.0000000000000000000000000
-168833515520.0000000000000000000000000
-163656597504.0000000000000000000000000
-158658445312.0000000000000000000000000
-153831309312.0000000000000000000000000
-149168701440.0000000000000000000000000
-144665313280.0000000000000000000000000
-140312936448.0000000000000000000000000
-136107892736.0000000000000000000000000
-132045430784.0000000000000000000000000
-128116924416.0000000000000000000000000
-124320522240.0000000000000000000000000
-120649777152.0000000000000000000000000
-117101461504.0000000000000000000000000
-113669439488.0000000000000000000000000
-110349131776.0000000000000000000000000
-107139178496.0000000000000000000000000
-104033026048.0000000000000000000000000
-101027659776.0000000000000000000000000
-98120359936.0000000000000000000000000
-95305785344.0000000000000000000000000
-92582830080.0000000000000000000000000
-89946087424.0000000000000000000000000
-87394729984.0000000000000000000000000
-84923686912.0000000000000000000000000
-82531074048.0000000000000000000000000
-80213590016.0000000000000000000000000
-77970489344.0000000000000000000000000
-75796111360.0000000000000000000000000
-73690013696.0000000000000000000000000
-71650443264.0000000000000000000000000
-69673009152.0000000000000000000000000
-67757871104.0000000000000000000000000
-65900793856.0000000000000000000000000
-64101584896.0000000000000000000000000
-62357114880.0000000000000000000000000
-60665229312.0000000000000000000000000
-59026034688.0000000000000000000000000
-57435070464.0000000000000000000000000
-55893872640.0000000000000000000000000
-54397165568.0000000000000000000000000
-52946964480.0000000000000000000000000
-51539746816.0000000000000000000000000
-50173784064.0000000000000000000000000
-48848941056.0000000000000000000000000
-47563489280.0000000000000000000000000
-46314827776.0000000000000000000000000
-45104783360.0000000000000000000000000
-43928649728.0000000000000000000000000
-42787905536.0000000000000000000000000
-41679785984.0000000000000000000000000
-40604282880.0000000000000000000000000
-39559680000.0000000000000000000000000
-38544994304.0000000000000000000000000
-37559881728.0000000000000000000000000
-36602683392.0000000000000000000000000
-35672969216.0000000000000000000000000
-34769645568.0000000000000000000000000
-33892022272.0000000000000000000000000
-33039009792.0000000000000000000000000
-32210309120.0000000000000000000000000
-31405047808.0000000000000000000000000
-30622453760.0000000000000000000000000
-29861326848.0000000000000000000000000
-29121603584.0000000000000000000000000
-28402563072.0000000000000000000000000
-27703572480.0000000000000000000000000
-27023425536.0000000000000000000000000
-26362046464.0000000000000000000000000
-25719023616.0000000000000000000000000
-25093709824.0000000000000000000000000
-24484974592.0000000000000000000000000
-23893288960.0000000000000000000000000
-23317432320.0000000000000000000000000
-22757232640.0000000000000000000000000
-22211944448.0000000000000000000000000
-21681471488.0000000000000000000000000
-21165232128.0000000000000000000000000
-20662712320.0000000000000000000000000
-20173574144.0000000000000000000000000
-19697383424.0000000000000000000000000
-19233871872.0000000000000000000000000
-18782773248.0000000000000000000000000
-18343323648.0000000000000000000000000
-17915293696.0000000000000000000000000
-17498605568.0000000000000000000000000
-17092946944.0000000000000000000000000
-16697468928.0000000000000000000000000
-16312497152.0000000000000000000000000
-15937391616.0000000000000000000000000
-15572066304.0000000000000000000000000
-15216078848.0000000000000000000000000
-14869262336.0000000000000000000000000
-14531333120.0000000000000000000000000
-14201880576.0000000000000000000000000
-13880977408.0000000000000000000000000
-13567973376.0000000000000000000000000
-13263142912.0000000000000000000000000
-12965790720.0000000000000000000000000
-12676024320.0000000000000000000000000
-12393475072.0000000000000000000000000
-12118126592.0000000000000000000000000
-11849522176.0000000000000000000000000
-11587609600.0000000000000000000000000
-11332210688.0000000000000000000000000
-11083152384.0000000000000000000000000
-10840172544.0000000000000000000000000
-10603254784.0000000000000000000000000
-10371981312.0000000000000000000000000
-10146451456.0000000000000000000000000
-9926445056.0000000000000000000000000
-9711945728.0000000000000000000000000
-9502364672.0000000000000000000000000
-9298046976.0000000000000000000000000
-9098563584.0000000000000000000000000
-8904018944.0000000000000000000000000
-8713984000.0000000000000000000000000
-8528436224.0000000000000000000000000
-8347555328.0000000000000000000000000
-8170912768.0000000000000000000000000
-7998402560.0000000000000000000000000
-7829960192.0000000000000000000000000
-7665501184.0000000000000000000000000
-7504957440.0000000000000000000000000
-7348183040.0000000000000000000000000
-7195049984.0000000000000000000000000
-7045531136.0000000000000000000000000
-6899478528.0000000000000000000000000
-6756925440.0000000000000000000000000
-6617559040.0000000000000000000000000
-6481414656.0000000000000000000000000
-6348399104.0000000000000000000000000
-6218487296.0000000000000000000000000
-6091607552.0000000000000000000000000
-5967588352.0000000000000000000000000
-5846420480.0000000000000000000000000
-5728013824.0000000000000000000000000
-5612316672.0000000000000000000000000
-5499178496.0000000000000000000000000
-5388605440.0000000000000000000000000
-5280569856.0000000000000000000000000
-5174916096.0000000000000000000000000
-5071594496.0000000000000000000000000
-4970752512.0000000000000000000000000
-4872037376.0000000000000000000000000
-4775555584.0000000000000000000000000
-4681173504.0000000000000000000000000
-4588940800.0000000000000000000000000
-4498741248.0000000000000000000000000
-4410504192.0000000000000000000000000
-4324213248.0000000000000000000000000
-4239856384.0000000000000000000000000
-4157318912.0000000000000000000000000
-4076546816.0000000000000000000000000
-3997604864.0000000000000000000000000
-3920361216.0000000000000000000000000
-3844757248.0000000000000000000000000
-3770812160.0000000000000000000000000
-3698478336.0000000000000000000000000
-3627661824.0000000000000000000000000
-3558347264.0000000000000000000000000
-3490630912.0000000000000000000000000
-3424264704.0000000000000000000000000
-3359354624.0000000000000000000000000
-3295814912.0000000000000000000000000
-3233639168.0000000000000000000000000
-3172732160.0000000000000000000000000
-3113167872.0000000000000000000000000
-3054820096.0000000000000000000000000
-2997722624.0000000000000000000000000
-2941799168.0000000000000000000000000
-2887063296.0000000000000000000000000
-2833438464.0000000000000000000000000
-2780998912.0000000000000000000000000
-2729617152.0000000000000000000000000
-2679286272.0000000000000000000000000
-2630000128.0000000000000000000000000
-2581742080.0000000000000000000000000
-2534473728.0000000000000000000000000
-2488169472.0000000000000000000000000
-2442831616.0000000000000000000000000
-2398403072.0000000000000000000000000
-2354886144.0000000000000000000000000
-2312284416.0000000000000000000000000
-2270489344.0000000000000000000000000
-2229615360.0000000000000000000000000
-2189532416.0000000000000000000000000
-2150224384.0000000000000000000000000
-2111723264.0000000000000000000000000
-2074052352.0000000000000000000000000
-2037062144.0000000000000000000000000
-2000835968.0000000000000000000000000
-1965335680.0000000000000000000000000
-1930573952.0000000000000000000000000
-1896461824.0000000000000000000000000
-1863061760.0000000000000000000000000
-1830285568.0000000000000000000000000
-1798155008.0000000000000000000000000
-1766682496.0000000000000000000000000
-1735819392.0000000000000000000000000
-1705577600.0000000000000000000000000
-1675898240.0000000000000000000000000
-1646803968.0000000000000000000000000
-1618305792.0000000000000000000000000
-1590325632.0000000000000000000000000
-1562894336.0000000000000000000000000
-1536029824.0000000000000000000000000
-1509636864.0000000000000000000000000
-1483773312.0000000000000000000000000
-1458409728.0000000000000000000000000
-1433558144.0000000000000000000000000
-1409144320.0000000000000000000000000
-1385199616.0000000000000000000000000
-1361695360.0000000000000000000000000
-1338668288.0000000000000000000000000
-1316079360.0000000000000000000000000
-1293919616.0000000000000000000000000
-1272175360.0000000000000000000000000
-1250827264.0000000000000000000000000
-1229877248.0000000000000000000000000
-1209366272.0000000000000000000000000
-1189189632.0000000000000000000000000
-1169404160.0000000000000000000000000
-1149995776.0000000000000000000000000
-1130934784.0000000000000000000000000
-1112263424.0000000000000000000000000
-1093901184.0000000000000000000000000
-1075895168.0000000000000000000000000
-1058220736.0000000000000000000000000
-1040863808.0000000000000000000000000
-1023835392.0000000000000000000000000
-1007121088.0000000000000000000000000
-990707136.0000000000000000000000000
-974598976.0000000000000000000000000
-958782592.0000000000000000000000000
-943243456.0000000000000000000000000
-928007936.0000000000000000000000000
-913051392.0000000000000000000000000
-898349312.0000000000000000000000000
-883907648.0000000000000000000000000
-869737280.0000000000000000000000000
-855813504.0000000000000000000000000
-842162560.0000000000000000000000000
-828734400.0000000000000000000000000
-815539904.0000000000000000000000000
-802610176.0000000000000000000000000
-789890048.0000000000000000000000000
-777398080.0000000000000000000000000
-765142400.0000000000000000000000000
-753078208.0000000000000000000000000
-741238784.0000000000000000000000000
-729609728.0000000000000000000000000
-718184000.0000000000000000000000000
-706959680.0000000000000000000000000
-695937280.0000000000000000000000000
-685107264.0000000000000000000000000
-674454848.0000000000000000000000000
-659505920.0000000000000000000000000
-639283584.0000000000000000000000000
-619759552.0000000000000000000000000
-600903552.0000000000000000000000000
-582690240.0000000000000000000000000
-565098880.0000000000000000000000000
-548097408.0000000000000000000000000
-531671456.0000000000000000000000000
-515802464.0000000000000000000000000
-500456736.0000000000000000000000000
-485627040.0000000000000000000000000
-471288192.0000000000000000000000000
-457427584.0000000000000000000000000
-444021248.0000000000000000000000000
-431051296.0000000000000000000000000
-418512416.0000000000000000000000000
-406379008.0000000000000000000000000
-394639296.0000000000000000000000000
-383282656.0000000000000000000000000
-372288224.0000000000000000000000000
-361651680.0000000000000000000000000
-351351904.0000000000000000000000000
-341385664.0000000000000000000000000
-331733152.0000000000000000000000000
-322387008.0000000000000000000000000
-313334336.0000000000000000000000000
-304572224.0000000000000000000000000
-296078560.0000000000000000000000000
-287851616.0000000000000000000000000
-279884544.0000000000000000000000000
-272160192.0000000000000000000000000
-264679184.0000000000000000000000000
-257424976.0000000000000000000000000
-250396816.0000000000000000000000000
-243582480.0000000000000000000000000
-236973552.0000000000000000000000000
-230570448.0000000000000000000000000
-224355744.0000000000000000000000000
-218335440.0000000000000000000000000
-212488928.0000000000000000000000000
-206824080.0000000000000000000000000
-201327136.0000000000000000000000000
-195991344.0000000000000000000000000
-190816176.0000000000000000000000000
-185794880.0000000000000000000000000
-180917296.0000000000000000000000000
-176190560.0000000000000000000000000
-171596288.0000000000000000000000000
-167140256.0000000000000000000000000
-162811664.0000000000000000000000000
-158610480.0000000000000000000000000
-154530000.0000000000000000000000000
-150566384.0000000000000000000000000
-146718288.0000000000000000000000000
-142979232.0000000000000000000000000
-139347536.0000000000000000000000000
-135818928.0000000000000000000000000
-132390712.0000000000000000000000000
-129058632.0000000000000000000000000
-125821520.0000000000000000000000000
-122675968.0000000000000000000000000
-119618960.0000000000000000000000000
-116645808.0000000000000000000000000
-113756264.0000000000000000000000000
-110947512.0000000000000000000000000
-108217080.0000000000000000000000000
-105560256.0000000000000000000000000
-102976744.0000000000000000000000000
-100464936.0000000000000000000000000
-98022304.0000000000000000000000000
-95644432.0000000000000000000000000
-93333160.0000000000000000000000000
-91083720.0000000000000000000000000
-88895440.0000000000000000000000000
-86765408.0000000000000000000000000
-84693248.0000000000000000000000000
-82676688.0000000000000000000000000
-80713720.0000000000000000000000000
-78803024.0000000000000000000000000
-76942904.0000000000000000000000000
-75132312.0000000000000000000000000
-73370208.0000000000000000000000000
-71653608.0000000000000000000000000
-69981616.0000000000000000000000000
-68353928.0000000000000000000000000
-66769324.0000000000000000000000000
-65224488.0000000000000000000000000
-63720692.0000000000000000000000000
-62255436.0000000000000000000000000
-60828384.0000000000000000000000000
-59437808.0000000000000000000000000
-58083056.0000000000000000000000000
-56763020.0000000000000000000000000
-55476096.0000000000000000000000000
-54222568.0000000000000000000000000
-52999896.0000000000000000000000000
-51809152.0000000000000000000000000
-50647620.0000000000000000000000000
-49515720.0000000000000000000000000
-48412012.0000000000000000000000000
-47336432.0000000000000000000000000
-46287196.0000000000000000000000000
-45264100.0000000000000000000000000
-44266448.0000000000000000000000000
-43293564.0000000000000000000000000
-42344424.0000000000000000000000000
-41418964.0000000000000000000000000
-40515552.0000000000000000000000000
-39634576.0000000000000000000000000
-38775176.0000000000000000000000000
-37937288.0000000000000000000000000
-37118612.0000000000000000000000000
-36320496.0000000000000000000000000
-35541264.0000000000000000000000000
-34781324.0000000000000000000000000
-34039000.0000000000000000000000000
-33314204.0000000000000000000000000
-32607638.0000000000000000000000000
-31917628.0000000000000000000000000
-31243760.0000000000000000000000000
-30585782.0000000000000000000000000
-29943364.0000000000000000000000000
-29316240.0000000000000000000000000
-28703840.0000000000000000000000000
-28105664.0000000000000000000000000
-27521606.0000000000000000000000000
-26951088.0000000000000000000000000
-26394240.0000000000000000000000000
-25849840.0000000000000000000000000
-25318026.0000000000000000000000000
-24798434.0000000000000000000000000
-24290966.0000000000000000000000000
-23795342.0000000000000000000000000
-23310892.0000000000000000000000000
-22837580.0000000000000000000000000
-22375054.0000000000000000000000000
-21923112.0000000000000000000000000
-21481166.0000000000000000000000000
-21049240.0000000000000000000000000
-20627226.0000000000000000000000000
-20214516.0000000000000000000000000
-19810916.0000000000000000000000000
-19417002.0000000000000000000000000
-19031396.0000000000000000000000000
-18654514.0000000000000000000000000
-18285834.0000000000000000000000000
-17925550.0000000000000000000000000
-17573208.0000000000000000000000000
-17228532.0000000000000000000000000
-16891458.0000000000000000000000000
-16561939.0000000000000000000000000
-16239527.0000000000000000000000000
-15924011.0000000000000000000000000
-15615644.0000000000000000000000000
-15313911.0000000000000000000000000
-15018583.0000000000000000000000000
-14729735.0000000000000000000000000
-14447181.0000000000000000000000000
-14170554.0000000000000000000000000
-13899794.0000000000000000000000000
-13635277.0000000000000000000000000
-13376034.0000000000000000000000000
-13122479.0000000000000000000000000
-12874277.0000000000000000000000000
-12631403.0000000000000000000000000
-12393485.0000000000000000000000000
-12160812.0000000000000000000000000
-11932891.0000000000000000000000000
-11709854.0000000000000000000000000
-11491403.0000000000000000000000000
-11277591.0000000000000000000000000
-11068119.0000000000000000000000000
-10863277.0000000000000000000000000
-10662567.0000000000000000000000000
-10465962.0000000000000000000000000
-10273438.0000000000000000000000000
-10084930.0000000000000000000000000
-9900288.0000000000000000000000000
-9719412.0000000000000000000000000
-9542311.0000000000000000000000000
-9368762.0000000000000000000000000
-9198774.0000000000000000000000000
-9032361.0000000000000000000000000
-8869099.0000000000000000000000000
-8709435.0000000000000000000000000
-8552861.0000000000000000000000000
-8399314.0000000000000000000000000
-8248919.0000000000000000000000000
-8101767.0000000000000000000000000
-7957274.0000000000000000000000000
-7815765.5000000000000000000000000
-7677092.5000000000000000000000000
-7541304.5000000000000000000000000
-7408054.0000000000000000000000000
-7277585.0000000000000000000000000
-7149553.0000000000000000000000000
-7024043.0000000000000000000000000
-6901103.5000000000000000000000000
-6780544.5000000000000000000000000
-6662412.5000000000000000000000000
-6546477.5000000000000000000000000
-6432828.0000000000000000000000000
-6321507.0000000000000000000000000
-6212209.5000000000000000000000000
-6105056.0000000000000000000000000
-6000116.5000000000000000000000000
-5897019.0000000000000000000000000
-5795989.5000000000000000000000000
-5696913.0000000000000000000000000
-5599836.5000000000000000000000000
-5504470.0000000000000000000000000
-5410936.0000000000000000000000000
-5319122.5000000000000000000000000
-5229173.0000000000000000000000000
-5140935.0000000000000000000000000
-5054373.5000000000000000000000000
-4969435.0000000000000000000000000
-4886044.0000000000000000000000000
-4804208.0000000000000000000000000
-4724087.0000000000000000000000000
-4645272.0000000000000000000000000
-4567985.0000000000000000000000000
-4492171.0000000000000000000000000
-4417714.0000000000000000000000000
-4344779.0000000000000000000000000
-4273051.5000000000000000000000000
-4202715.5000000000000000000000000
-4133674.7500000000000000000000000
-4065874.2500000000000000000000000
-3999357.0000000000000000000000000
-3934066.7500000000000000000000000
-3869949.7500000000000000000000000
-3807027.2500000000000000000000000
-3745244.5000000000000000000000000
-3684544.7500000000000000000000000
-3625031.0000000000000000000000000
-3566607.0000000000000000000000000
-3509177.0000000000000000000000000
-3452764.2500000000000000000000000
-3397411.2500000000000000000000000
-3343021.5000000000000000000000000
-3289697.5000000000000000000000000
-3237243.7500000000000000000000000
-3185702.7500000000000000000000000
-3135196.0000000000000000000000000
-3085508.0000000000000000000000000
-3036711.2500000000000000000000000
-2988837.5000000000000000000000000
-2941711.7500000000000000000000000
-2895464.0000000000000000000000000
-2850038.0000000000000000000000000
-2805406.2500000000000000000000000
-2761561.2500000000000000000000000
-2718505.0000000000000000000000000
-2676200.2500000000000000000000000
-2634589.2500000000000000000000000
-2576195.0000000000000000000000000
-2497201.5000000000000000000000000
-2420935.7500000000000000000000000
-2347279.5000000000000000000000000
-2276133.7500000000000000000000000
-2207417.5000000000000000000000000
-2141005.5000000000000000000000000
-2076841.6250000000000000000000000
-2014853.3750000000000000000000000
-1954909.1250000000000000000000000
-1896980.6250000000000000000000000
-1840969.5000000000000000000000000
-1786826.5000000000000000000000000
-1734458.0000000000000000000000000
-1683794.1250000000000000000000000
-1634814.1250000000000000000000000
-1587418.0000000000000000000000000
-1541559.7500000000000000000000000
-1497197.8750000000000000000000000
-1454250.8750000000000000000000000
-1412701.8750000000000000000000000
-1372468.3750000000000000000000000
-1333537.7500000000000000000000000
-1295832.6250000000000000000000000
-1259324.2500000000000000000000000
-1223962.2500000000000000000000000
-1189735.2500000000000000000000000
-1156556.8750000000000000000000000
-1124420.3750000000000000000000000
-1093299.0000000000000000000000000
-1063125.7500000000000000000000000
-1033903.0625000000000000000000000
-1005566.3125000000000000000000000
-978112.5625000000000000000000000
-951494.0625000000000000000000000
-925677.9375000000000000000000000
-900665.8125000000000000000000000
-876389.6250000000000000000000000
-852872.8125000000000000000000000
-830034.8750000000000000000000000
-807906.5625000000000000000000000
-786434.1250000000000000000000000
-765591.1875000000000000000000000
-745375.6875000000000000000000000
-725761.2500000000000000000000000
-706708.1875000000000000000000000
-688244.3750000000000000000000000
-670298.0000000000000000000000000
-652891.6250000000000000000000000
-635983.0625000000000000000000000
-619572.1875000000000000000000000
-603632.8125000000000000000000000
-588149.9375000000000000000000000
-573118.3125000000000000000000000
-558512.6250000000000000000000000
-544326.3125000000000000000000000
-530542.6875000000000000000000000
-517151.2187500000000000000000000
-504135.2812500000000000000000000
-491490.3125000000000000000000000
-479203.0000000000000000000000000
-467261.5625000000000000000000000
-455647.6875000000000000000000000
-444360.4062500000000000000000000
-433388.7187500000000000000000000
-422722.9687500000000000000000000
-412344.7500000000000000000000000
-402252.9062500000000000000000000
-392441.1562500000000000000000000
-382899.6250000000000000000000000
-373611.0625000000000000000000000
-364582.6562500000000000000000000
-355795.7812500000000000000000000
-347247.8125000000000000000000000
-338927.3750000000000000000000000
-330833.0000000000000000000000000
-322955.8125000000000000000000000
-315287.9687500000000000000000000
-307824.3125000000000000000000000
-300558.2187500000000000000000000
-293485.5937500000000000000000000
-286602.3750000000000000000000000
-279896.9062500000000000000000000
-273365.6875000000000000000000000
-267007.5312500000000000000000000
-260817.6718750000000000000000000
-254783.1562500000000000000000000
-248908.9531250000000000000000000
-243185.2968750000000000000000000
-237610.8750000000000000000000000
-232178.9375000000000000000000000
-226886.9375000000000000000000000
-221730.5468750000000000000000000
-216703.5000000000000000000000000
-211806.9062500000000000000000000
-207030.8437500000000000000000000
-202379.5000000000000000000000000
-197842.2656250000000000000000000
-193420.7812500000000000000000000
-189109.4218750000000000000000000
-184907.9375000000000000000000000
-180809.3593750000000000000000000
-176812.8906250000000000000000000
-172915.8125000000000000000000000
-169115.4843750000000000000000000
-165407.9062500000000000000000000
-161792.8281250000000000000000000
-158263.8750000000000000000000000
-154822.5625000000000000000000000
-151465.5312500000000000000000000
-148192.5312500000000000000000000
-144994.5781250000000000000000000
-141876.9375000000000000000000000
-138833.0625000000000000000000000
-135864.5468750000000000000000000
-132964.8437500000000000000000000
-130133.6093750000000000000000000
-127373.5859375000000000000000000
-124678.2343750000000000000000000
-122045.9375000000000000000000000
-119475.7109375000000000000000000
-116966.2656250000000000000000000
-114516.5625000000000000000000000
-112124.3750000000000000000000000
-109787.7500000000000000000000000
-107506.2734375000000000000000000
-105277.6875000000000000000000000
-103102.5000000000000000000000000
-100975.9375000000000000000000000
-98898.5390625000000000000000000
-96868.8828125000000000000000000
-94886.5859375000000000000000000
-92950.5546875000000000000000000
-91058.1718750000000000000000000
-89209.2968750000000000000000000
-87402.5546875000000000000000000
-85637.1562500000000000000000000
-83910.8046875000000000000000000
-82223.5937500000000000000000000
-80575.1015625000000000000000000
-78962.9531250000000000000000000
-77386.3906250000000000000000000
-75847.6640625000000000000000000
-74341.3906250000000000000000000
-72869.1953125000000000000000000
-71429.0390625000000000000000000
-70021.6796875000000000000000000
-68645.3437500000000000000000000
-67298.9531250000000000000000000
-65982.2578125000000000000000000
-64695.0742187500000000000000000
-63435.6523437500000000000000000
-62203.1679687500000000000000000
-60998.6093750000000000000000000
-59819.9648437500000000000000000
-58666.3398437500000000000000000
-57538.0273437500000000000000000
-56434.3007812500000000000000000
-55353.7265625000000000000000000
-54296.0703125000000000000000000
-53262.8007812500000000000000000
-52250.1328125000000000000000000
-51259.6835937500000000000000000
-50290.1445312500000000000000000
-49341.4179687500000000000000000
-48412.0507812500000000000000000
-47503.1718750000000000000000000
-46612.8554687500000000000000000
-45741.6171875000000000000000000
-44888.2929687500000000000000000
-44053.0898437500000000000000000
-43234.8398437500000000000000000
-42434.6757812500000000000000000
-41650.6523437500000000000000000
-40882.6640625000000000000000000
-40130.6171875000000000000000000
-39394.2578125000000000000000000
-38673.0000000000000000000000000
-37966.4531250000000000000000000
-37274.6523437500000000000000000
-36596.7265625000000000000000000
-35932.7109375000000000000000000
-35282.6601562500000000000000000
-34644.9179687500000000000000000
-34021.2304687500000000000000000
-33409.6132812500000000000000000
-32809.8203125000000000000000000
-32222.3398437500000000000000000
-31647.5273437500000000000000000
-31083.1015625000000000000000000
-30530.3339843750000000000000000
-29988.6425781250000000000000000
-29458.2207031250000000000000000
-28937.7109375000000000000000000
-28428.0664062500000000000000000
-27927.9414062500000000000000000
-27437.6679687500000000000000000
-26957.4355468750000000000000000
-26486.5019531250000000000000000
-26025.0488281250000000000000000
-25572.1777343750000000000000000
-25128.2343750000000000000000000
-24693.3867187500000000000000000
-24266.4433593750000000000000000
-23847.8750000000000000000000000
-23437.9550781250000000000000000
-23035.2304687500000000000000000
-22640.5839843750000000000000000
-22253.5664062500000000000000000
-21874.3613281250000000000000000
-21501.8359375000000000000000000
-21136.4687500000000000000000000
-20777.8222656250000000000000000
-20426.4570312500000000000000000
-20081.7773437500000000000000000
-19743.6464843750000000000000000
-19411.8554687500000000000000000
-19086.1093750000000000000000000
-18766.4375000000000000000000000
-18453.4648437500000000000000000
-18145.5937500000000000000000000
-17843.6914062500000000000000000
-17547.5429687500000000000000000
-17256.6953125000000000000000000
-16971.7929687500000000000000000
-16691.6074218750000000000000000
-16416.8574218750000000000000000
-16147.1669921875000000000000000
-15882.3212890625000000000000000
-15622.4882812500000000000000000
-15367.4482421875000000000000000
-15116.9912109375000000000000000
-14871.2001953125000000000000000
-14629.8613281250000000000000000
-14392.7529296875000000000000000
-14160.2773437500000000000000000
-13932.0585937500000000000000000
-13707.7226562500000000000000000
-13487.3603515625000000000000000
-13271.1376953125000000000000000
-13058.6777343750000000000000000
-12850.3808593750000000000000000
-12645.4833984375000000000000000
-12444.1513671875000000000000000
-12246.8593750000000000000000000
-12052.7656250000000000000000000
-11862.1533203125000000000000000
-11675.1464843750000000000000000
-11491.0615234375000000000000000
-11310.4062500000000000000000000
-11132.9609375000000000000000000
-10958.6181640625000000000000000
-10787.3486328125000000000000000
-10619.1601562500000000000000000
-10453.9072265625000000000000000
-10291.3642578125000000000000000
-10063.2617187500000000000000000
-9754.6933593750000000000000000
-9456.7802734375000000000000000
-9169.0605468750000000000000000
-8891.1474609375000000000000000
-8622.7246093750000000000000000
-8363.3027343750000000000000000
-8112.6625976562500000000000000
-7870.5209960937500000000000000
-7636.3637695312500000000000000
-7410.0805664062500000000000000
-7191.2871093750000000000000000
-6979.7910156250000000000000000
-6775.2265625000000000000000000
-6577.3208007812500000000000000
-6385.9926757812500000000000000
-6200.8515625000000000000000000
-6021.7177734375000000000000000
-5848.4291992187500000000000000
-5680.6674804687500000000000000
-5518.3666992187500000000000000
-5361.2045898437500000000000000
-5209.1318359375000000000000000
-5061.8461914062500000000000000
-4919.2353515625000000000000000
-4781.1025390625000000000000000
-4647.4033203125000000000000000
-4517.8002929687500000000000000
-4392.2670898437500000000000000
-4270.6992187500000000000000000
-4152.8349609375000000000000000
-4038.6838378906250000000000000
-3927.9934082031250000000000000
-3820.7521972656250000000000000
-3716.7736816406250000000000000
-3615.9294433593750000000000000
-3518.2258300781250000000000000
-3423.3969726562500000000000000
-3331.5344238281250000000000000
-3242.3237304687500000000000000
-3155.8850097656250000000000000
-3072.0083007812500000000000000
-2990.5905761718750000000000000
-2911.6237792968750000000000000
-2835.0048828125000000000000000
-2760.5788574218750000000000000
-2688.4545898437500000000000000
-2618.3515625000000000000000000
-2550.3579101562500000000000000
-2484.3088378906250000000000000
-2420.2038574218750000000000000
-2357.9406738281250000000000000
-2297.4606933593750000000000000
-2238.7434082031250000000000000
-2181.6899414062500000000000000
-2126.2746582031250000000000000
-2072.4323730468750000000000000
-2020.1219482421875000000000000
-1969.2784423828125000000000000
-1919.8840332031250000000000000
-1871.8867187500000000000000000
-1825.2404785156250000000000000
-1779.8737792968750000000000000
-1735.7828369140625000000000000
-1692.9246826171875000000000000
-1651.2615966796875000000000000
-1610.7216796875000000000000000
-1571.3004150390625000000000000
-1532.9732666015625000000000000
-1495.7016601562500000000000000
-1459.4182128906250000000000000
-1424.1510009765625000000000000
-1389.8272705078125000000000000
-1356.4367675781250000000000000
-1323.9350585937500000000000000
-1292.3164062500000000000000000
-1261.5461425781250000000000000
-1231.5936279296875000000000000
-1202.4387207031250000000000000
-1174.0555419921875000000000000
-1146.4281005859375000000000000
-1119.5405273437500000000000000
-1093.3472900390625000000000000
-1067.8347167968750000000000000
-1042.9981689453125000000000000
-1018.8190307617187500000000000
-995.2467041015625000000000000
-972.3005981445312500000000000
-949.9425659179687500000000000
-928.1674804687500000000000000
-906.9489746093750000000000000
-886.2770996093750000000000000
-866.1349487304687500000000000
-846.4980468750000000000000000
-827.3707275390625000000000000
-808.7142333984375000000000000
-790.5449218750000000000000000
-772.8213500976562500000000000
-755.5499267578125000000000000
-738.7086791992187500000000000
-722.2966308593750000000000000
-706.2865600585937500000000000
-690.6753540039062500000000000
-675.4523925781250000000000000
-660.6073608398437500000000000
-646.1246337890625000000000000
-632.0032348632812500000000000
-618.2182617187500000000000000
-604.7756347656250000000000000
-591.6622314453125000000000000
-578.8770751953125000000000000
-566.3850708007812500000000000
-554.2067871093750000000000000
-542.3166503906250000000000000
-530.7208862304687500000000000
-519.3939208984375000000000000
-508.3344116210937500000000000
-497.5530700683593750000000000
-487.0243530273437500000000000
-476.7419433593750000000000000
-466.7019958496093750000000000
-456.8994750976562500000000000
-447.3303222656250000000000000
-437.9858398437500000000000000
-428.8583984375000000000000000
-419.9463806152343750000000000
-411.2409667968750000000000000
-402.7441406250000000000000000
-394.4372558593750000000000000
-386.3224182128906250000000000
-378.3940734863281250000000000
-370.6507263183593750000000000
-363.0881042480468750000000000
-355.6959838867187500000000000
-348.4738159179687500000000000
-341.4162292480468750000000000
-334.5201416015625000000000000
-327.7765808105468750000000000
-321.1859130859375000000000000
-314.7464904785156250000000000
-308.4490356445312500000000000
-302.2905883789062500000000000
-296.2799377441406250000000000
-290.3960571289062500000000000
-284.6452941894531250000000000
-279.0196838378906250000000000
-273.5221862792968750000000000
-268.1458740234375000000000000
-262.8865356445312500000000000
-257.7431945800781250000000000
-252.7151336669921875000000000
-247.7955169677734375000000000
-242.9811248779296875000000000
-238.2758178710937500000000000
-233.6717376708984375000000000
-229.1653900146484375000000000
-224.7579193115234375000000000
-220.4464874267578125000000000
-216.2254943847656250000000000
-212.0940246582031250000000000
-208.0578155517578125000000000
-204.1020812988281250000000000
-200.2331390380859375000000000
-196.4458770751953125000000000
-192.7399139404296875000000000
-189.1095733642578125000000000
-185.5592651367187500000000000
-182.0814666748046875000000000
-178.6781921386718750000000000
-175.3448944091796875000000000
-172.0823822021484375000000000
-168.8860931396484375000000000
-165.7604522705078125000000000
-162.6978607177734375000000000
-159.6979064941406250000000000
-156.7602233886718750000000000
-153.8838195800781250000000000
-151.0664062500000000000000000
-148.3064575195312500000000000
-145.6041107177734375000000000
-142.9559631347656250000000000
-140.3621520996093750000000000
-137.8228912353515625000000000
-135.3317108154296875000000000
-132.8954315185546875000000000
-130.5063018798828125000000000
-128.1633605957031250000000000
-125.8685150146484375000000000
-123.6231536865234375000000000
-121.4183654785156250000000000
-119.2591171264648437500000000
-117.1431350708007812500000000
-115.0711746215820312500000000
-113.0379333496093750000000000
-111.0471343994140625000000000
-109.0935211181640625000000000
-107.1783905029296875000000000
-105.3024826049804687500000000
-103.4628982543945312500000000
-101.6603469848632812500000000
-99.8913192749023437500000000
-98.1571655273437500000000000
-96.4585418701171875000000000
-94.7907943725585937500000000
-93.1557617187500000000000000
-91.5545120239257812500000000
-89.9813690185546875000000000
-88.4397811889648437500000000
-86.9279937744140625000000000
-85.4467239379882812500000000
-83.9915466308593750000000000
-82.5643310546875000000000000
-81.1633682250976562500000000
-79.7908477783203125000000000
-78.4444427490234375000000000
-77.1236190795898437500000000
-75.8275604248046875000000000
-74.5551147460937500000000000
-73.3063964843750000000000000
-72.0838470458984375000000000
-70.8812255859375000000000000
-69.7019195556640625000000000
-68.5450897216796875000000000
-67.4089660644531250000000000
-66.2960662841796875000000000
-65.2015914916992187500000000
-64.1283493041992187500000000
-63.0748710632324218750000000
-62.0403175354003906250000000
-61.0253448486328125000000000
-60.0290946960449218750000000
-59.0507469177246093750000000
-58.0906257629394531250000000
-57.1478958129882812500000000
-56.2216911315917968750000000
-55.3135833740234375000000000
-54.4221038818359375000000000
-53.5457916259765625000000000
-52.6850013732910156250000000
-51.8403816223144531250000000
-51.0104598999023437500000000
-50.1968002319335937500000000
-49.3964195251464843750000000
-48.6099662780761718750000000
-47.8392944335937500000000000
-47.0811157226562500000000000
-46.3365364074707031250000000
-45.6060409545898437500000000
-44.8869590759277343750000000
-44.1812744140625000000000000
-43.4881286621093750000000000
-42.8071022033691406250000000
-42.1380805969238281250000000
-41.4810943603515625000000000
-40.8355751037597656250000000
-40.2006416320800781250000000
-39.3096160888671875000000000
-38.1042709350585937500000000
-36.9405479431152343750000000
-35.8166427612304687500000000
-34.7310447692871093750000000
-33.6825180053710937500000000
-32.6691513061523437500000000
-31.6900882720947265625000000
-30.7442226409912109375000000
-29.8295459747314453125000000
-28.9456272125244140625000000
-28.0909652709960937500000000
-27.2648086547851562500000000
-26.4657287597656250000000000
-25.6926593780517578125000000
-24.9452838897705078125000000
-24.2220764160156250000000000
-23.5223350524902343750000000
-22.8454265594482421875000000
-22.1901073455810546875000000
-21.5561199188232421875000000
-20.9422054290771484375000000
-20.3481712341308593750000000
-19.7728366851806640625000000
-19.2157630920410156250000000
-18.6761817932128906250000000
-18.1539192199707031250000000
-17.6476573944091796875000000
-17.1572933197021484375000000
-16.6824188232421875000000000
-16.2220115661621093750000000
-15.7761087417602539062500000
-15.3437242507934570312500000
-14.9248132705688476562500000
-14.5186471939086914062500000
-14.1247243881225585937500000
-13.7430696487426757812500000
-13.3726444244384765625000000
-13.0138063430786132812500000
-12.6653270721435546875000000
-12.3276758193969726562500000
-12.0000324249267578125000000
-11.6819944381713867187500000
-11.3735303878784179687500000
-11.0742378234863281250000000
-10.7835111618041992187500000
-10.5017757415771484375000000
-10.2279357910156250000000000
-9.9623355865478515625000000
-9.7043313980102539062500000
-9.4539213180541992187500000
-9.2107057571411132812500000
-8.9744558334350585937500000
-8.7450914382934570312500000
-8.5222263336181640625000000
-8.3057603836059570312500000
-8.0954389572143554687500000
-7.8911013603210449218750000
-7.6924939155578613281250000
-7.4995470046997070312500000
-7.3120574951171875000000000
-7.1298456192016601562500000
-6.9526319503784179687500000
-6.7804017066955566406250000
-6.6129870414733886718750000
-6.4502406120300292968750000
-6.2918815612792968750000000
-6.1378922462463378906250000
-5.9881768226623535156250000
-5.8425846099853515625000000
-5.7008523941040039062500000
-5.5630898475646972656250000
-5.4290127754211425781250000
-5.2985811233520507812500000
-5.1716213226318359375000000
-5.0481109619140625000000000
-4.9279146194458007812500000
-4.8109126091003417968750000
-4.6970262527465820312500000
-4.5861544609069824218750000
-4.4782347679138183593750000
-4.3732051849365234375000000
-4.2708878517150878906250000
-4.1712293624877929687500000
-4.0742115974426269531250000
-3.9797618389129638671875000
-3.8876824378967285156250000
-3.7980492115020751953125000
-3.7107131481170654296875000
-3.6256542205810546875000000
-3.5427694320678710937500000
-3.4620199203491210937500000
-3.3833396434783935546875000
-3.3066329956054687500000000
-3.2319169044494628906250000
-3.1590399742126464843750000
-3.0880661010742187500000000
-3.0188333988189697265625000
-2.9513669013977050781250000
-2.8855807781219482421875000
-2.8214712142944335937500000
-2.7589318752288818359375000
-2.6979506015777587890625000
-2.6384859085083007812500000
-2.5804975032806396484375000
-2.5239243507385253906250000
-2.4687626361846923828125000
-2.4149150848388671875000000
-2.3624048233032226562500000
-2.3111805915832519531250000
-2.2612385749816894531250000
-2.2124416828155517578125000
-2.1648702621459960937500000
-2.1184244155883789062500000
-2.0731284618377685546875000
-2.0288825035095214843750000
-1.9856812953948974609375000
-1.9435666799545288085937500
-1.9024388790130615234375000
-1.8622732162475585937500000
-1.8230546712875366210937500
-1.7847635746002197265625000
-1.7473840713500976562500000
-1.7108821868896484375000000
-1.6752281188964843750000000
-1.6404155492782592773437500
-1.6064100265502929687500000
-1.5732192993164062500000000
-1.5407705307006835937500000
-1.5090719461441040039062500
-1.4781018495559692382812500
-1.4478543996810913085937500
-1.4183129072189331054687500
-1.3894374370574951171875000
-1.3612258434295654296875000
-1.3336571455001831054687500
-1.3067193031311035156250000
-1.2803772687911987304687500
-1.2546324729919433593750000
-1.2294784784317016601562500
-1.2048790454864501953125000
-1.1808226108551025390625000
-1.1573435068130493164062500
-1.1343595981597900390625000
-1.1118956804275512695312500
-1.0899206399917602539062500
-1.0684460401535034179687500
-1.0474448204040527343750000
-1.0269005298614501953125000
-1.0068093538284301757812500
-0.9871684908866882324218750
-0.9679512381553649902343750
-0.9491450190544128417968750
-0.9307649135589599609375000
-0.9127802252769470214843750
-0.8951773047447204589843750
-0.8779606223106384277343750
-0.8611190915107727050781250
-0.8446308374404907226562500
-0.8284922838211059570312500
-0.8127258419990539550781250
-0.7972737550735473632812500
-0.7821606993675231933593750
-0.7673667073249816894531250
-0.7528902888298034667968750
-0.7387092709541320800781250
-0.7248408794403076171875000
-0.7112557291984558105468750
-0.6979616880416870117187500
-0.6849409937858581542968750
-0.6721968054771423339843750
-0.6597113013267517089843750
-0.6475017666816711425781250
-0.6355385184288024902343750
-0.6238199472427368164062500
-0.6123446226119995117187500
-0.6011086702346801757812500
-0.5901031494140625000000000
-0.5793220996856689453125000
-0.5687660574913024902343750
-0.5584217309951782226562500
-0.5482896566390991210937500
-0.5383706688880920410156250
-0.5286394953727722167968750
-0.5191227793693542480468750
-0.5097902417182922363281250
-0.5006381273269653320312500
-0.4916738867759704589843750
-0.4829029440879821777343750
-0.4742904901504516601562500
-0.4658559262752532958984375
-0.4575903713703155517578125
-0.4494967758655548095703125
-0.4415544271469116210937500
-0.4337778687477111816406250
-0.4261465668678283691406250
-0.4186655879020690917968750
-0.4113378226757049560546875
-0.4041519463062286376953125
-0.3971107304096221923828125
-0.3902004659175872802734375
-0.3834264278411865234375000
-0.3767911791801452636718750
-0.3702765405178070068359375
-0.3638896942138671875000000
-0.3576348125934600830078125
-0.3514897227287292480468750
-0.3454678952693939208984375
-0.3395624756813049316406250
-0.3337762653827667236328125
-0.3280919790267944335937500
-0.3225169181823730468750000
-0.3170444071292877197265625
-0.3116829991340637207031250
-0.3064236044883728027343750
-0.3012641370296478271484375
-0.2962014079093933105468750
-0.2912309169769287109375000
-0.2863531112670898437500000
-0.2815775275230407714843750
-0.2768797874450683593750000
-0.2722731232643127441406250
-0.2677542567253112792968750
-0.2633162736892700195312500
-0.2589690089225769042968750
-0.2546937167644500732421875
-0.2505013644695281982421875
-0.2463862150907516479492188
-0.2423449903726577758789063
-0.2383802533149719238281250
-0.2344886511564254760742188
-0.2306669801473617553710938
-0.2269165068864822387695313
-0.2232339680194854736328125
-0.2196159809827804565429688
-0.2160686850547790527343750
-0.2125863432884216308593750
-0.2091632485389709472656250
-0.2058007866144180297851563
-0.2025014907121658325195313
-0.1992596089839935302734375
-0.1960812509059906005859375
-0.1929547637701034545898438
-0.1898826807737350463867188
-0.1868722438812255859375000
-0.1839106082916259765625000
-0.1810020953416824340820313
-0.1781485974788665771484375
-0.1753396838903427124023438
-0.1725831031799316406250000
-0.1698755025863647460937500
-0.1672152429819107055664063
-0.1646018773317337036132813
-0.1620355248451232910156250
-0.1595139652490615844726563
-0.1570337563753128051757813
-0.1535531878471374511718750
-0.1488448083400726318359375
-0.1442990154027938842773438
-0.1399087607860565185546875
-0.1356681436300277709960938
-0.1315723359584808349609375
-0.1276138722896575927734375
-0.1237894073128700256347656
-0.1200946196913719177246094
-0.1165216639637947082519531
-0.1130688562989234924316406
-0.1097303330898284912109375
-0.1065031588077545166015625
-0.1033817529678344726562500
-0.1003619506955146789550781
-0.0974425151944160461425781
-0.0946174860000610351562500
-0.0918841212987899780273438
-0.0892399474978446960449219
-0.0866801068186759948730469
-0.0842035934329032897949219
-0.0818054899573326110839844
-0.0794850438833236694335938
-0.0772376433014869689941406
-0.0750615745782852172851563
-0.0729538351297378540039063
-0.0709137469530105590820313
-0.0689361616969108581542969
-0.0670206770300865173339844
-0.0651656985282897949218750
-0.0633672326803207397460938
-0.0616254247725009918212891
-0.0599364228546619415283203
-0.0583000518381595611572266
-0.0567134656012058258056641
-0.0551747046411037445068359
-0.0536838658154010772705078
-0.0522368922829627990722656
-0.0508351810276508331298828
-0.0494739338755607604980469
-0.0481549836695194244384766
-0.0468751266598701477050781
-0.0456327907741069793701172
-0.0444278530776500701904297
-0.0432587414979934692382813
-0.0421230904757976531982422
-0.0410225614905357360839844
-0.0399528741836547851562500
-0.0389153733849525451660156
-0.0379075445234775543212891
-0.0369293801486492156982422
-0.0359793193638324737548828
-0.0350564680993556976318359
-0.0341605134308338165283203
-0.0332899466156959533691406
-0.0324443764984607696533203
-0.0316228084266185760498047
-0.0308246146887540817260742
-0.0300488043576478958129883
-0.0292951054871082305908203
-0.0285627245903015136718750
-0.0278509594500064849853516
-0.0271587185561656951904297
-0.0264859441667795181274414
-0.0258319806307554244995117
-0.0251962523907423019409180
-0.0245776623487472534179688
-0.0239761415868997573852539
-0.0233913157135248184204102
-0.0228225961327552795410156
-0.0222689546644687652587891
-0.0217308197170495986938477
-0.0212070811539888381958008
-0.0206975825130939483642578
-0.0202016457915306091308594
-0.0197191834449768066406250
-0.0192496664822101593017578
-0.0187926273792982101440430
-0.0183477587997913360595703
-0.0179146658629179000854492
-0.0174931045621633529663086
-0.0170828327536582946777344
-0.0166831556707620620727539
-0.0162938646972179412841797
-0.0159148890525102615356445
-0.0155459446832537651062012
-0.0151862595230340957641602
-0.0148361297324299812316895
-0.0144949732348322868347168
-0.0141627117991447448730469
-0.0138389430940151214599609
-0.0135235153138637542724609
-0.0132161704823374748229980
-0.0129165351390838623046875
-0.0126246754080057144165039
-0.0123399998992681503295898
-0.0120627582073211669921875
-0.0117923179641366004943848
-0.0115287769585847854614258
-0.0112717999145388603210449
-0.0110213719308376312255859
-0.0107770776376128196716309
-0.0105388695374131202697754
-0.0103065855801105499267578
-0.0100800683721899986267090
-0.0098590794950723648071289
-0.0096436040475964546203613
-0.0094332620501518249511719
-0.0092281438410282135009766
-0.0090280491858720779418945
-0.0088329631835222244262695
-0.0086423503234982490539551
-0.0084565244615077972412109
-0.0082750953733921051025391
-0.0080981580540537834167480
-0.0079253222793340682983398
-0.0077565675601363182067871
-0.0075920573435723781585693
-0.0074314018711447715759277
-0.0072745047509670257568359
-0.0071213073097169399261475
-0.0069717327132821083068848
-0.0068257190287113189697266
-0.0066831335425376892089844
-0.0065438598394393920898438
-0.0064078732393682003021240
-0.0062750391662120819091797
-0.0061453878879547119140625
-0.0060186348855495452880859
-0.0058948122896254062652588
-0.0057738353498280048370361
-0.0056556812487542629241943
-0.0055402847938239574432373
-0.0054274899885058403015137
-0.0053172884508967399597168
-0.0052095982246100902557373
-0.0051043722778558731079102
-0.0050014737062156200408936
-0.0049009080976247787475586
-0.0048026503063738346099854
-0.0047065587714314460754395
-0.0046125883236527442932129
-0.0045208730734884738922119
-0.0044310921803116798400879
-0.0043433425016701221466064
-0.0042575024999678134918213
-0.0041736173443496227264404
-0.0040915813297033309936523
-0.0040113301947712898254395
-0.0039328490383923053741455
-0.0038561269175261259078979
-0.0037810595240443944931030
-0.0037075977306813001632690
-0.0036358004435896873474121
-0.0035655477549880743026733
-0.0034967863466590642929077
-0.0034295336809009313583374
-0.0033637464512139558792114
-0.0032993392087519168853760
-0.0032362979836761951446533
-0.0031747103203088045120239
-0.0031143506057560443878174
-0.0030553152319043874740601
-0.0029975262004882097244263
-0.0029409776907414197921753
-0.0028855830896645784378052
-0.0028314096853137016296387
-0.0027783426921814680099487
-0.0027264128439128398895264
-0.0026755507569760084152222
-0.0026257687713950872421265
-0.0025769972708076238632202
-0.0025293037761002779006958
-0.0024825723376125097274780
-0.0024367966689169406890869
-0.0023919711820781230926514
-0.0023480807431042194366455
-0.0023050904273986816406250
-0.0022629769518971443176270
-0.0022217424120754003524780
-0.0021813348866999149322510
-0.0021417564712464809417725
-0.0021030104253441095352173
-0.0020649980287998914718628
-0.0020278233569115400314331
-0.0019913681317120790481567
-0.0019556176848709583282471
-0.0019206011202186346054077
-0.0018863396253436803817749
-0.0018526972271502017974854
-0.0018197497120127081871033
-0.0017874623881652951240540
-0.0017558467807248234748840
-0.0017248219810426235198975
-0.0016944447997957468032837
-0.0016646350268274545669556
-0.0016354124527424573898315
-0.0016067883698269724845886
-0.0015787185402587056159973
-0.0015512137906625866889954
-0.0015242205699905753135681
-0.0014977594837546348571777
-0.0014718405436724424362183
-0.0014463927363976836204529
-0.0014214441180229187011719
-0.0013970109866932034492493
-0.0013730067294090986251831
-0.0013494839658960700035095
-0.0013264159206300973892212
-0.0013038135366514325141907
-0.0012816092930734157562256
-0.0012598317116498947143555
-0.0012384547153487801551819
-0.0012175117153674364089966
-0.0011969672050327062606812
-0.0011768130352720618247986
-0.0011570367496460676193237
-0.0011376207694411277770996
-0.0011185668408870697021484
-0.0010999122168868780136108
-0.0010815616697072982788086
-0.0010635668877512216567993
-0.0010459150653332471847534
-0.0010285791940987110137939
-0.0010115976911038160324097
-0.0009948973311111330986023
-0.0009785209549590945243835
-0.0009624461526982486248016
-0.0009466601186431944370270
-0.0009311728645116090774536
-0.0009159712935797870159149
-0.0009010428912006318569183
-0.0008863926050253212451935
-0.0008720076875761151313782
-0.0008578749257139861583710
-0.0008440183009952306747437
-0.0008304154034703969955444
-0.0008170439396053552627563
-0.0008039093227125704288483
-0.0007910214480943977832794
-0.0007783578475937247276306
-0.0007659423863515257835388
-0.0007537295459769666194916
-0.0007417292217724025249481
-0.0007299697026610374450684
-0.0007184008136391639709473
-0.0007070394349284470081329
-0.0006958929589018225669861
-0.0006849206401966512203217
-0.0006741527467966079711914
-0.0006635761819779872894287
-0.0006531845428980886936188
-0.0006429760833270847797394
-0.0006329512689262628555298
-0.0006231014267541468143463
-0.0006134131108410656452179
-0.0005998171400278806686401
-0.0005814250325784087181091
-0.0005636680289171636104584
-0.0005465185968205332756042
-0.0005299536860547959804535
-0.0005139544373378157615662
-0.0004984916886314749717712
-0.0004835523723158985376358
-0.0004691196081694215536118
-0.0004551627498585730791092
-0.0004416752199176698923111
-0.0004286341136321425437927
-0.0004160279640927910804749
-0.0004038349725306034088135
-0.0003920388699043542146683
-0.0003806348249781876802444
-0.0003695995546877384185791
-0.0003589223488233983516693
-0.0003485935449134558439255
-0.0003385941672604531049728
-0.0003289202868472784757614
-0.0003195526951458305120468
-0.0003104884526692330837250
-0.0003017095441464334726334
-0.0002932092756964266300201
-0.0002849759184755384922028
-0.0002770068240351974964142
-0.0002692818816285580396652
-0.0002617995196487754583359
-0.0002545535098761320114136
-0.0002475282526575028896332
-0.0002407243155175819993019
-0.0002341266517760232090950
-0.0002277345774928107857704
-0.0002215369750047102570534
-0.0002155261900043115019798
-0.0002097026008414104580879
-0.0002040503604803234338760
-0.0001985749258892610669136
-0.0001932575542014092206955
-0.0001881054049590602517128
-0.0001831059635151177644730
-0.0001782530889613553881645
-0.0001735463010845705866814
-0.0001689794589765369892120
-0.0001645433221710845828056
-0.0001602443808224052190781
-0.0001560659147799015045166
-0.0001520131772849708795547
-0.0001480763457948341965675
-0.0001442553912056609988213
-0.0001405442162649706006050
-0.0001369393285131081938744
-0.0001334395055891945958138
-0.0001300388539675623178482
-0.0001267358456971123814583
-0.0001235265954164788126945
-0.0001204086511279456317425
-0.0001173781420220620930195
-0.0001144340058090165257454
-0.0001115731429308652877808
-0.0001087928103515878319740
-0.0001060887443600222468376
-0.0001034607194014824926853
-0.0001009061743388883769512
-0.0000984228609013371169567
-0.0000960064935497939586639
-0.0000936568030738271772861
-0.0000913723270059563219547
-0.0000891507661435753107071
-0.0000869881041580811142921
-0.0000848860145197249948978
-0.0000828401607577688992023
-0.0000808499316917732357979
-0.0000789126788731664419174
-0.0000770280603319406509399
-0.0000751940096961334347725
-0.0000734087007003836333752
-0.0000716709328116849064827
-0.0000699791635270230472088
-0.0000683324396959505975246
-0.0000667298154439777135849
-0.0000651685768389143049717
-0.0000636479089735075831413
-0.0000621675353613682091236
-0.0000607263464189600199461
-0.0000593213262618519365788
-0.0000579536317673046141863
-0.0000566209891985636204481
-0.0000553230929654091596603
-0.0000540583714609965682030
-0.0000528262316947802901268
-0.0000516256659466307610273
-0.0000504552153870463371277
-0.0000493151383125223219395
-0.0000482031246065162122250
-0.0000471201492473483085632
-0.0000460637420474085956812
-0.0000450342849944718182087
-0.0000440304684161674231291
-0.0000430522341048344969749
-0.0000420979595219250768423
-0.0000411674591305200010538
-0.0000402600999223068356514
-0.0000393752670788671821356
-0.0000385120292776264250278
-0.0000376703283109236508608
-0.0000368486798834055662155
-0.0000360474368790164589882
-0.0000352658171323128044605
-0.0000345037624356336891651
-0.0000337591809511650353670
-0.0000330332986777648329735
-0.0000323245913023129105568
-0.0000316334298986475914717
-0.0000309582901536487042904
-0.0000302990920317824929953
-0.0000296564739983296021819
-0.0000290289135591592639685
-0.0000284160341834649443626
-0.0000278176066785817965865
-0.0000272333309112582355738
-0.0000266629649559035897255
-0.0000261059904005378484726
-0.0000255619524978101253510
-0.0000250307548412820324302
-0.0000245118717430159449577
-0.0000240054214373230934143
-0.0000235102925216779112816
-0.0000230266105063492432237
-0.0000225540443352656438947
-0.0000220925048779463395476
-0.0000216417374758748337626
-0.0000212011327676009386778
-0.0000207706580113153904676
-0.0000203499930648831650615
-0.0000199389542103745043278
-0.0000195370066649047657847
-0.0000191441722563467919827
-0.0000187603527592727914453
-0.0000183849952009040862322
-0.0000180179231392685323954
-0.0000176596604433143511415
-0.0000173089538293424993753
-0.0000169661816471489146352
-0.0000166308691404992714524
-0.0000163031927513657137752
-0.0000159827395691536366940
-0.0000156692585733253508806
-0.0000153626915562199428678
-0.0000150629957715864293277
-0.0000147697637657984159887
-0.0000144828036354738287628
-0.0000142023454827722162008
-0.0000139279209179221652448
-0.0000136593216666369698942
-0.0000133966159410192631185
-0.0000131396345750545151532
-0.0000128880437841871753335
-0.0000126417889987351372838
-0.0000124012121887062676251
-0.0000121654320537345483899
-0.0000119348251246265135705
-0.0000117090867206570692360
-0.0000114881941044586710632
-0.0000112718089440022595227
-0.0000110601940832566469908
-0.0000108529011413338594139
-0.0000106500501715345308185
-0.0000104513701444375328720
-0.0000102569092632620595396
-0.0000100663955890922807157
-0.0000098800928753917105496
-0.0000096975481937988661230
-0.0000095187369879567995667
-0.0000093436374299926683307
-0.0000091721904027508571744
-0.0000090042594820261001587
-0.0000088397537183482199907
-0.0000086786812971695326269
-0.0000085208394011715427041
-0.0000083662362158065661788
-0.0000082148844740004278719
-0.0000080663985499995760620
-0.0000079211849879357032478
-0.0000077787817645003087819
-0.0000076391315815271809697
-0.0000075023481258540414274
-0.0000073685141614987514913
-0.0000072370985435554757714
-0.0000071083973125496413559
-0.0000069822749537706840783
-0.0000068587764872063416988
-0.0000067375858634477481246
-0.0000066189249992021359503
-0.0000065024805735447444022
-0.0000063883298935252241790
-0.0000062765170696366112679
-0.0000061668692978855688125
-0.0000060594288697757292539
-0.0000059539866015256848186
-0.0000058506229834165424109
-0.0000057493771237204782665
-0.0000056499716265534516424
-0.0000055525160860270261765
-0.0000054570741667703259736
-0.0000053633075367542915046
-0.0000052714217417815234512
-0.0000051813121899613179266
-0.0000050930216275446582586
-0.0000050062863010680302978
-0.0000049212176236324012280
-0.0000048377137318311724812
-0.0000047559051381540484726
-0.0000046756531446590088308
-0.0000045969259190314915031
-0.0000045196748033049516380
-0.0000044438311306294053793
-0.0000043694017222151160240
-0.0000042965320972143672407
-0.0000042248502722941339016
-0.0000041545581552782095969
-0.0000040856057239579968154
-0.0000040178874769480898976
-0.0000039515534808742813766
-0.0000038863176996528636664
-0.0000038223474803089629859
-0.0000037595552839775336906
-0.0000036978910884499782696
-0.0000036373940019984729588
-0.0000035780128655460430309
-0.0000035196987937524681911
-0.0000034624711133801611140
-0.0000034062800295941997319
-0.0000033510739285702584311
-0.0000032969464882626198232
-0.0000032438101698062382638
-0.0000031915778890834189951
-0.0000031402707918459782377
-0.0000030899275316187413409
-0.0000030404603421629872173
-0.0000029919624466856475919
-0.0000029442560389725258574
-0.0000028973797725484473631
-0.0000028514441510196775198
-0.0000028062531782779842615
-0.0000027618727926892461255
-0.0000027183318707102444023
-0.0000026754712507681688294
-0.0000026334091671742498875
-0.0000025920944608515128493
-0.0000025515021206956589594
-0.0000025116253254964249209
-0.0000024724658942432142794
-0.0000024339899482583859935
-0.0000023961449642229126766
