-3.0924730300903320312500000
-3.0093584060668945312500000
-2.9287960529327392578125000
-2.8506875038146972656250000
-2.7749433517456054687500000
-2.7014820575714111328125000
-2.6302325725555419921875000
-2.5611317157745361328125000
-2.4941065311431884765625000
-2.4290747642517089843750000
-2.3659582138061523437500000
-2.3047342300415039062500000
-2.2453050613403320312500000
-2.1876192092895507812500000
-2.1316013336181640625000000
-2.0772519111633300781250000
-2.0244662761688232421875000
-1.9731823205947875976562500
-1.9234180450439453125000000
-1.8750493526458740234375000
-1.8280839920043945312500000
-1.7824631929397583007812500
-1.7381334304809570312500000
-1.6950491666793823242187500
-1.6531940698623657226562500
-1.6125127077102661132812500
-1.5729743242263793945312500
-1.5345277786254882812500000
-1.4971652030944824218750000
-1.4608256816864013671875000
-1.4255008697509765625000000
-1.3911393880844116210937500
-1.3577320575714111328125000
-1.3252413272857666015625000
-1.2936292886734008789062500
-1.2628678083419799804687500
-1.2329471111297607421875000
-1.2038335800170898437500000
-1.1755124330520629882812500
-1.1479218006134033203125000
-1.1211078166961669921875000
-1.0949801206588745117187500
-1.0695512294769287109375000
-1.0448062419891357421875000
-1.0206966400146484375000000
-0.9972182512283325195312500
-0.9743744134902954101562500
-0.9521139860153198242187500
-0.9304444193840026855468750
-0.9093264937400817871093750
-0.8887625932693481445312500
-0.8687153458595275878906250
-0.8491945862770080566406250
-0.8301674127578735351562500
-0.8116361498832702636718750
-0.7935653328895568847656250
-0.7759479284286499023437500
-0.7587860822677612304687500
-0.7420466542243957519531250
-0.7257410883903503417968750
-0.7098358273506164550781250
-0.6943283677101135253906250
-0.6792062520980834960937500
-0.6644619107246398925781250
-0.6500876545906066894531250
-0.6360709667205810546875000
-0.6223829984664916992187500
-0.6090301275253295898437500
-0.5960136651992797851562500
-0.5833067893981933593750000
-0.5709136128425598144531250
-0.5588212013244628906250000
-0.5470191836357116699218750
-0.5355018377304077148437500
-0.5242633223533630371093750
-0.5132884979248046875000000
-0.5025784373283386230468750
-0.4921202063560485839843750
-0.4819174408912658691406250
-0.4719474613666534423828125
-0.4622173905372619628906250
-0.4527093768119812011718750
-0.4434314668178558349609375
-0.4343657493591308593750000
-0.4255121648311614990234375
-0.4168656766414642333984375
-0.4084200263023376464843750
-0.4001666605472564697265625
-0.3921006917953491210937500
-0.3842227756977081298828125
-0.3765291273593902587890625
-0.3690086007118225097656250
-0.3616586029529571533203125
-0.3544760942459106445312500
-0.3474584221839904785156250
-0.3405897617340087890625000
-0.3338848948478698730468750
-0.3273303806781768798828125
-0.3209161758422851562500000
-0.3146489262580871582031250
-0.3085243105888366699218750
-0.3025312721729278564453125
-0.2966703474521636962890625
-0.2909456193447113037109375
-0.2853400111198425292968750
-0.2798598408699035644531250
-0.2745009064674377441406250
-0.2692544460296630859375000
-0.2641242146492004394531250
-0.2591085135936737060546875
-0.2542006075382232666015625
-0.2493939995765686035156250
-0.2446949183940887451171875
-0.2400943338871002197265625
-0.2355962842702865600585938
-0.2311916649341583251953125
-0.2268797308206558227539063
-0.2226631492376327514648438
-0.2185329496860504150390625
-0.2144917845726013183593750
-0.2105329483747482299804688
-0.2066609114408493041992188
-0.2028671503067016601562500
-0.1991531699895858764648438
-0.1955186873674392700195313
-0.1919604539871215820312500
-0.1884717494249343872070313
-0.1850605159997940063476563
-0.1817152053117752075195313
-0.1784408241510391235351563
-0.1752347052097320556640625
-0.1720917820930480957031250
-0.1690146774053573608398438
-0.1660001277923583984375000
-0.1630459874868392944335938
-0.1601524800062179565429688
-0.1573175042867660522460938
-0.1545412987470626831054688
-0.1518193185329437255859375
-0.1491500586271286010742188
-0.1465377956628799438476563
-0.1439739614725112915039063
-0.1414669156074523925781250
-0.1390039771795272827148438
-0.1365929096937179565429688
-0.1342286467552185058593750
-0.1319119632244110107421875
-0.1296394318342208862304688
-0.1274107098579406738281250
-0.1252276748418807983398438
-0.1230881586670875549316406
-0.1209899634122848510742188
-0.1189302876591682434082031
-0.1169110238552093505859375
-0.1149317771196365356445313
-0.1129908859729766845703125
-0.1110873371362686157226563
-0.1092200428247451782226563
-0.1073880121111869812011719
-0.1055913493037223815917969
-0.1038307547569274902343750
-0.1021016761660575866699219
-0.1004041880369186401367188
-0.0987413823604583740234375
-0.0971104204654693603515625
-0.0955073013901710510253906
-0.0939374119043350219726563
-0.0923941135406494140625000
-0.0908819064497947692871094
-0.0893961861729621887207031
-0.0879394039511680603027344
-0.0865090191364288330078125
-0.0851048082113265991210938
-0.0837280750274658203125000
-0.0823759362101554870605469
-0.0810484811663627624511719
-0.0797455236315727233886719
-0.0784674212336540222167969
-0.0772119089961051940917969
-0.0759787708520889282226563
-0.0747680887579917907714844
-0.0735799372196197509765625
-0.0724126175045967102050781
-0.0712676867842674255371094
-0.0701434537768363952636719
-0.0690381899476051330566406
-0.0679522976279258728027344
-0.0668875873088836669921875
-0.0658411979675292968750000
-0.0648131668567657470703125
-0.0638044700026512145996094
-0.0628116056323051452636719
-0.0618384815752506256103516
-0.0608810372650623321533203
-0.0599419549107551574707031
-0.0590186677873134613037109
-0.0581106245517730712890625
-0.0572205409407615661621094
-0.0563440360128879547119141
-0.0554853007197380065917969
-0.0546381883323192596435547
-0.0538074672222137451171875
-0.0529914088547229766845703
-0.0521894954144954681396484
-0.0514017380774021148681641
-0.0506270378828048706054688
-0.0498654097318649291992188
-0.0491166226565837860107422
-0.0483815856277942657470703
-0.0476588793098926544189453
-0.0469482541084289550781250
-0.0462494418025016784667969
-0.0455621890723705291748047
-0.0448874272406101226806641
-0.0442237108945846557617188
-0.0435707755386829376220703
-0.0429301448166370391845703
-0.0422991998493671417236328
-0.0416788533329963684082031
-0.0410697199404239654541016
-0.0404694937169551849365234
-0.0398801118135452270507813
-0.0392998382449150085449219
-0.0387297309935092926025391
-0.0381693914532661437988281
-0.0376172102987766265869141
-0.0370752885937690734863281
-0.0365417487919330596923828
-0.0360165983438491821289063
-0.0355006158351898193359375
-0.0349927879869937896728516
-0.0344931483268737792968750
-0.0340021587908267974853516
-0.0335188172757625579833984
-0.0330428481101989746093750
-0.0325754620134830474853516
-0.0321154929697513580322266
-0.0316631235182285308837891
-0.0312167424708604812622070
-0.0307781547307968139648438
-0.0303467772901058197021484
-0.0299224965274333953857422
-0.0295053273439407348632813
-0.0290936660021543502807617
-0.0286891628056764602661133
-0.0282915346324443817138672
-0.0278997719287872314453125
-0.0275137498974800109863281
-0.0271348059177398681640625
-0.0267607532441616058349609
-0.0263930782675743103027344
-0.0260307714343070983886719
-0.0256748814135789871215820
-0.0253242440521717071533203
-0.0249785799533128738403320
-0.0246387924998998641967773
-0.0241599455475807189941406
-0.0235106125473976135253906
-0.0228812191635370254516602
-0.0222709961235523223876953
-0.0216792449355125427246094
-0.0211053285747766494750977
-0.0205486919730901718139648
-0.0200088415294885635375977
-0.0194852072745561599731445
-0.0189771465957164764404297
-0.0184840485453605651855469
-0.0180057361721992492675781
-0.0175414457917213439941406
-0.0170907750725746154785156
-0.0166531354188919067382813
-0.0162285305559635162353516
-0.0158161427825689315795898
-0.0154154868796467781066895
-0.0150267034769058227539063
-0.0146488230675458908081055
-0.0142819061875343322753906
-0.0139254936948418617248535
-0.0135791674256324768066406
-0.0132425716146826744079590
-0.0129155786707997322082520
-0.0125977555289864540100098
-0.0122888619080185890197754
-0.0119884982705116271972656
-0.0116966031491756439208984
-0.0114127006381750106811523
-0.0111367255449295043945313
-0.0108682764694094657897949
-0.0106072816997766494750977
-0.0103534478694200515747070
-0.0101064788177609443664551
-0.0098661547526717185974121
-0.0096323993057012557983398
-0.0094049498438835144042969
-0.0091836908832192420959473
-0.0089681390672922134399414
-0.0087586548179388046264648
-0.0085545321926474571228027
-0.0083558689802885055541992
-0.0081625487655401229858398
-0.0079741925001144409179688
-0.0077907675877213478088379
-0.0076123001053929328918457
-0.0074383905157446861267090
-0.0072690970264375209808350
-0.0071041132323443889617920
-0.0069434577599167823791504
-0.0067868386395275592803955
-0.0066343327052891254425049
-0.0064856829121708869934082
-0.0063409074209630489349365
-0.0061997291631996631622314
-0.0060620931908488273620605
-0.0059280162677168846130371
-0.0057972394861280918121338
-0.0056698522530496120452881
-0.0055455924011766910552979
-0.0054244403727352619171143
-0.0053062988445162773132324
-0.0051911086775362491607666
-0.0050788098014891147613525
-0.0049693044275045394897461
-0.0048623671755194664001465
-0.0047580478712916374206543
-0.0046563567593693733215332
-0.0045570842921733856201172
-0.0044602626003324985504150
-0.0043657906353473663330078
-0.0042735873721539974212646
-0.0041836081072688102722168
-0.0040958072058856487274170
-0.0040100663900375366210938
-0.0039263940416276454925537
-0.0038446891121566295623779
-0.0037649800069630146026611
-0.0036870895419269800186157
-0.0036110733635723590850830
-0.0035367920063436031341553
-0.0034643083345144987106323
-0.0033934824168682098388672
-0.0033243137877434492111206
-0.0032567630987614393234253
-0.0031907814554870128631592
-0.0031263020355254411697388
-0.0030632866546511650085449
-0.0030017404351383447647095
-0.0029416338074952363967896
-0.0028828796930611133575439
-0.0028254578355699777603149
-0.0027693444862961769104004
-0.0027145189233124256134033
-0.0026608575135469436645508
-0.0026084757409989833831787
-0.0025572685990482568740845
-0.0025071576237678527832031
-0.0024581947363913059234619
-0.0024103461764752864837646
-0.0023635255638509988784790
-0.0023177370894700288772583
-0.0022730126511305570602417
-0.0022292188368737697601318
-0.0021864050067961215972900
-0.0021445383317768573760986
-0.0021035503596067428588867
-0.0020634704269468784332275
-0.0020242852624505758285522
-0.0019859422463923692703247
-0.0019483906216919422149658
-0.0019116790499538183212280
-0.0018757369834929704666138
-0.0018405959708616137504578
-0.0018061848822981119155884
-0.0017724978970363736152649
-0.0017395558534190058708191
-0.0017072886694222688674927
-0.0016757170669734477996826
-0.0016447886591777205467224
-0.0016145383706316351890564
-0.0015848996117711067199707
-0.0015558841405436396598816
-0.0015274897450581192970276
-0.0014996910467743873596191
-0.0014724355423822999000549
-0.0014457852812483906745911
-0.0014196500414982438087463
-0.0013940689386799931526184
-0.0013690211344510316848755
-0.0013444670476019382476807
-0.0013204271672293543815613
-0.0012968759983777999877930
-0.0012737967772409319877625
-0.0012511912500485777854919
-0.0012290430022403597831726
-0.0012073538964614272117615
-0.0011860884260386228561401
-0.0011652348330244421958923
-0.0011448265286162495613098
-0.0011247965740039944648743
-0.0011052102781832218170166
-0.0010859685717150568962097
-0.0010671321069821715354919
-0.0010486613027751445770264
-0.0010305622126907110214233
-0.0010128080612048506736755
-0.0009953961707651615142822
-0.0009783412097021937370300
-0.0009616262395866215229034
-0.0009452340891584753990173
-0.0009291428723372519016266
-0.0009133673738688230514526
-0.0008979045087471604347229
-0.0008827412966638803482056
-0.0008678698213770985603333
-0.0008532815845683217048645
-0.0008389688446186482906342
-0.0008249324164353311061859
-0.0008111777715384960174561
-0.0007976693450473248958588
-0.0007844077190384268760681
-0.0007714170496910810470581
-0.0007586751598864793777466
-0.0007461507921107113361359
-0.0007338860305026173591614
-0.0007218290120363235473633
-0.0007100148941390216350555
-0.0006984077044762670993805
-0.0006870265933685004711151
-0.0006758517120033502578735
-0.0006648813141509890556335
-0.0006541255861520767211914
-0.0006435620016418397426605
-0.0006331912591122090816498
-0.0006230119033716619014740
-0.0006130267283879220485687
-0.0006032180390320718288422
-0.0005935841472819447517395
-0.0005841256934218108654022
-0.0005748432595282793045044
-0.0005657235742546617984772
-0.0005567788030020892620087
-0.0005479957326315343379974
-0.0005393608589656651020050
-0.0005308773252181708812714
-0.0005225592758506536483765
-0.0005143843591213226318359
-0.0005063528660684823989868
-0.0004984724218957126140594
-0.0004907156690023839473724
-0.0004831131373066455125809
-0.0004756331036332994699478
-0.0004682965227402746677399
-0.0004610833420883864164352
-0.0004539892543107271194458
-0.0004470354760996997356415
-0.0004401877813506871461868
-0.0004334789118729531764984
-0.0004268608463462442159653
-0.0004203708376735448837280
-0.0004139953816775232553482
-0.0004077304329257458448410
-0.0004015760787297040224075
-0.0003955237334594130516052
-0.0003895735135301947593689
-0.0003837236145045608282089
-0.0003779811377171427011490
-0.0003723349946085363626480
-0.0003667832352221012115479
-0.0003613237640820443630219
-0.0003559546021278947591782
-0.0003506830253172665834427
-0.0003454977413639426231384
-0.0003403966838959604501724
-0.0003353917563799768686295
-0.0003304624988231807947159
-0.0003256160416640341281891
-0.0003208571870345622301102
-0.0003161679196637123823166
-0.0003115633735433220863342
-0.0003070299862883985042572
-0.0003025760233867913484573
-0.0002981983707286417484283
-0.0002938844554591923952103
-0.0002896506921388208866119
-0.0002854824124369770288467
-0.0002813796745613217353821
-0.0002773485612124204635620
-0.0002733811561483889818192
-0.0002694777213037014007568
-0.0002656418655533343553543
-0.0002618657599668949842453
-0.0002581472508609294891357
-0.0002544957969803363084793
-0.0002509022888261824846268
-0.0002473681524861603975296
-0.0002438808005535975098610
-0.0002404543338343501091003
-0.0002370841975789517164230
-0.0002337695041205734014511
-0.0002305103698745369911194
-0.0002272942656418308615685
-0.0002241340844193473458290
-0.0002210276143159717321396
-0.0002179669681936502456665
-0.0002149511710740625858307
-0.0002119906712323427200317
-0.0002090683847200125455856
-0.0002061959239654242992401
-0.0002033654018305242061615
-0.0002005850110435858368874
-0.0001978456566575914621353
-0.0001951451558852568268776
-0.0001924905664054676890373
-0.0001887495745904743671417
-0.0001836766605265438556671
-0.0001787595247151330113411
-0.0001739921572152525186539
-0.0001693691010586917400360
-0.0001648853794904425740242
-0.0001605366560397669672966
-0.0001563190744491294026375
-0.0001522281818324699997902
-0.0001482589577790349721909
-0.0001444066292606294155121
-0.0001406698138453066349030
-0.0001370425452478229999542
-0.0001335216802544891834259
-0.0001301026204600930213928
-0.0001267853949684649705887
-0.0001235636154888197779655
-0.0001204334912472404539585
-0.0001173961209133267402649
-0.0001144439302152022719383
-0.0001115773920901119709015
-0.0001087929194909520447254
-0.0001060872455127537250519
-0.0001034575907397083938122
-0.0001009029583656229078770
-0.0000984199650702066719532
-0.0000960067336563952267170
-0.0000936601427383720874786
-0.0000913797121029347181320
-0.0000891617237357422709465
-0.0000870056683197617530823
-0.0000849084099172614514828
-0.0000828693882795050740242
-0.0000808863114798441529274
-0.0000789568657637573778629
-0.0000770793340052478015423
-0.0000752531195757910609245
-0.0000734761706553399562836
-0.0000717475850251503288746
-0.0000700635864632204174995
-0.0000684269907651469111443
-0.0000668322827550582587719
-0.0000652802264085039496422
-0.0000637699122307822108269
-0.0000622983789071440696716
-0.0000608653717790730297565
-0.0000594710945733822882175
-0.0000581124259042553603649
-0.0000567898205190431326628
-0.0000555008846276905387640
-0.0000542457637493498623371
-0.0000530221768713090568781
-0.0000518307242600712925196
-0.0000506693977513350546360
-0.0000495383392262738198042
-0.0000484353840874973684549
-0.0000473601030535064637661
-0.0000463126270915381610394
-0.0000452909334853757172823
-0.0000442957207269500941038
-0.0000433249406341928988695
-0.0000423784404119942337275
-0.0000414554597227834165096
-0.0000405555365432519465685
-0.0000396782015741337090731
-0.0000388226908398792147636
-0.0000379872435587458312511
-0.0000371722489944659173489
-0.0000363777871825732290745
-0.0000356022210326045751572
-0.0000348458015650976449251
-0.0000341077393386512994766
-0.0000333874013449531048536
-0.0000326844383380375802517
-0.0000319984937959816306829
-0.0000313286436721682548523
-0.0000306749534502159804106
-0.0000300366336887236684561
-0.0000294139063043985515833
-0.0000288053870463045313954
-0.0000282115106529090553522
-0.0000276311875495593994856
-0.0000270649088633945211768
-0.0000265115813817828893661
-0.0000259712014667456969619
-0.0000254434617090737447143
-0.0000249279801209922879934
-0.0000244242346525425091386
-0.0000239319269894622266293
-0.0000234510971495183184743
-0.0000229815141210565343499
-0.0000225224976020399481058
-0.0000220738893403904512525
-0.0000216355037991888821125
-0.0000212071790883783251047
-0.0000207879493245854973793
-0.0000203787167265545576811
-0.0000199786609300645068288
-0.0000195871689356863498688
-0.0000192046463780570775270
-0.0000188308295037131756544
-0.0000184650434675859287381
-0.0000181073210114846006036
-0.0000177579113369574770331
-0.0000174157721630763262510
-0.0000170812891155946999788
-0.0000167542057170066982508
-0.0000164339871844276785851
-0.0000161208627105224877596
-0.0000158147286128951236606
-0.0000155151737999403849244
-0.0000152218017319682985544
-0.0000149349925777642056346
-0.0000146541951835388317704
-0.0000143796560223563574255
-0.0000141108193929539993405
-0.0000138476398205966688693
-0.0000135902801048359833658
-0.0000133381927298614755273
-0.0000130915395857300609350
-0.0000128499113998259417713
-0.0000126135810205596499145
-0.0000123820282169617712498
-0.0000121553448479971848428
-0.0000119335136332665570080
-0.0000117163363029249012470
-0.0000115034026748617179692
-0.0000112951975097530521452
-0.0000110910159492050297558
-0.0000108911635834374465048
-0.0000106954776128986850381
-0.0000105036488093901425600
-0.0000103158372439793311059
-0.0000101318437373265624046
-0.0000099515373221947811544
-0.0000097749316410045139492
-0.0000096018984550028108060
-0.0000094324523161049000919
-0.0000092663158284267410636
-0.0000091033971330034546554
-0.0000089439572548144496977
-0.0000087874732344062067568
-0.0000086344552983064204454
-0.0000084841294665238820016
-0.0000083369695857982151210
-0.0000081926664279308170080
-0.0000080512672866461798549
-0.0000079125629781628958881
-0.0000077765325841028243303
-0.0000076432907007983885705
-0.0000075127049967704806477
-0.0000073846413215505890548
-0.0000072589286901347804815
-0.0000071356826083501800895
-0.0000070148789745871908963
-0.0000068964163801865652204
-0.0000067802329795085825026
-0.0000066662623794400133193
-0.0000065544440985831897706
-0.0000064447845034010242671
-0.0000063373263401445001364
-0.0000062317917581822257489
-0.0000061281853049877099693
-0.0000060266957007115706801
-0.0000059271496866131201386
-0.0000058293030633649323136
-0.0000057334846133016981184
-0.0000056392891565337777138
-0.0000055469913604611065239
-0.0000054563101912208367139
-0.0000053673952606914099306
-0.0000052800915000261738896
-0.0000051943852668046019971
-0.0000051103561418130993843
-0.0000050278281378268729895
-0.0000049468067118141334504
-0.0000048672804950911086053
-0.0000047892713155306410044
-0.0000047126409299380611628
-0.0000046373761506401933730
-0.0000045634819798578973860
-0.0000044909629650646820664
-0.0000044197154238645453006
-0.0000043498343984538223594
-0.0000042812166611838620156
-0.0000042137567106692586094
-0.0000041474791032669600099
-0.0000040824943425832316279
-0.0000040186278056353330612
-0.0000039558817661600187421
-0.0000038943157960602547973
-0.0000038337161640811245888
-0.0000037743213852081680670
-0.0000037158836221351521090
-0.0000036585665839083958417
-0.0000036022136100655188784
-0.0000035467910493025556207
-0.0000034924646570289041847
-0.0000034389670418022433296
-0.0000033865539990074466914
-0.0000033348503620800329372
-0.0000032841471693245694041
-0.0000032343389193556504324
-0.0000031853940072323894128
-0.0000031373131150758126751
-0.0000030900291676516644657
-0.0000030435430744546465576
-0.0000029978407383168814704
-0.0000029529776384151773527
-0.0000029088671453791903332
-0.0000028654940251726657152
-0.0000028228419068909715861
-0.0000027808953291241778061
-0.0000027397111352911451831
-0.0000026992011044058017433
-0.0000026593490929371910170
-0.0000026202480967185692862
-0.0000025817382720560999587
-0.0000025438753255002666265
-0.0000025066967737075174227
-0.0000024700618723727529868
-0.0000024340888558072037995
-0.0000023986717678781133145
-0.0000023638751827093074098
-0.0000023296747713175136596
-0.0000022959723082749405876
-0.0000022628960323345381767
-0.0000022303313471638830379
-0.0000021982787075103260577
-0.0000021667856344720348716
-0.0000021357902824092889205
-0.0000021052946976851671934
-0.0000020753270746354246512
-0.0000020458262497413670644
-0.0000020167753973510116339
-0.0000019882484139088774100
-0.0000019601741314545506611
-0.0000019325636912981281057
-0.0000019053187543249805458
-0.0000018785494830808602273
-0.0000018522202935855602846
-0.0000018263242509419796988
-0.0000018008622646448202431
-0.0000017757364503268036060
-0.0000017510475345261511393
-0.0000017267782368435291573
-0.0000017028669390128925443
-0.0000016793060240161139518
-0.0000016561771190026775002
-0.0000016333467556250980124
-0.0000016109056559798773378
-0.0000015887922018009703606
-0.0000015670703987780143507
-0.0000015456691926374332979
-0.0000015245715303535689600
-0.0000015038325500427163206
-0.0000014746060514880809933
-0.0000014349739103636238724
-0.0000013965587868369766511
-0.0000013593137282441603020
-0.0000013231961020210292190
-0.0000012881670272690826096
-0.0000012541926253106794320
-0.0000012212427691338234581
-0.0000011892826705661718734
-0.0000011582731076487107202
-0.0000011281767910986673087
-0.0000010989829206664580852
-0.0000010706448847486171871
-0.0000010431381269881967455
-0.0000010164267223444767296
-0.0000009905108981911325827
-0.0000009653407460064045154
-0.0000009408866503690660466
-0.0000009171571946353651583
-0.0000008940932048062677495
-0.0000008716983757039997727
-0.0000008499446835230628494
-0.0000008288066055683884770
-0.0000008082624276539718267
-0.0000007883043622314289678
-0.0000007689059771109896246
-0.0000007500526066905877087
-0.0000007317198651435319334
-0.0000007139040008041774854
-0.0000006965759666854864918
-0.0000006797317837481386960
-0.0000006633469524786050897
-0.0000006474170959336333908
-0.0000006319243084362824447
-0.0000006168505137793545146
-0.0000006021822969159984495
-0.0000005879149966858676635
-0.0000005740325832448434085
-0.0000005605280080089869443
-0.0000005473717692439095117
-0.0000005345858653527102433
-0.0000005221272090238926467
-0.0000005100017688164371066
-0.0000004982024393029860221
-0.0000004867060852120630443
-0.0000004755107170240080450
-0.0000004646179263545491267
-0.0000004540033273769950029
-0.0000004436704728050244739
-0.0000004336006611538323341
-0.0000004237950292917957995
-0.0000004142357568071020069
-0.0000004049275332818069728
-0.0000003958546699323051143
-0.0000003870182752052642172
-0.0000003784014381835731911
-0.0000003700008051055192482
-0.0000003618173991526418831
-0.0000003538354178544977913
-0.0000003460603181792976102
-0.0000003384760987046320224
-0.0000003310815657187049510
-0.0000003238707790842454415
-0.0000003168401292441558326
-0.0000003099859497979196021
-0.0000003033022721865563653
-0.0000002967753403027018066
-0.0000002904081952692649793
-0.0000002842014623638533521
-0.0000002781423518172232434
-0.0000002722328247273253510
-0.0000002664667135832132772
-0.0000002608390730074461317
-0.0000002553471745159185957
-0.0000002499882327811064897
-0.0000002447550286888144910
-0.0000002396480738298123470
-0.0000002346612006931536598
-0.0000002297961430031136842
-0.0000002250420862992541515
-0.0000002204024269758519949
-0.0000002158686527309328085
-0.0000002114446004952696967
-0.0000002071217295451788232
-0.0000002029000114589507575
-0.0000001987770446021386306
-0.0000001947498446952522499
-0.0000001908143332229883526
-0.0000001869681796051736455
-0.0000001832116964806118631
-0.0000001795430790707541746
-0.0000001759570125159370946
-0.0000001724522604718004004
-0.0000001690273734311631415
-0.0000001656810866279556649
-0.0000001624058540983241983
-0.0000001592087244262074819
-0.0000001560832885161289596
-0.0000001530247573100496083
-0.0000001500362998285709182
-0.0000001471158554977591848
-0.0000001442581520905150683
-0.0000001414634454022234422
-0.0000001387336823199802893
-0.0000001360607200240337988
-0.0000001334475712155835936
-0.0000001308922321641148301
-0.0000001283905248783412389
-0.0000001259442399259569356
-0.0000001235525672882431536
-0.0000001212122953120342572
-0.0000001189203260310023325
-0.0000001166796295137828565
-0.0000001144858998713971232
-0.0000001123410626746590424
-0.0000001102407765074531198
-0.0000001081846860984114755
-0.0000001061740633190311200
-0.0000001042046307020427776
-0.0000001022776530135161011
-0.0000001003899328111401701
-0.0000000985436017231222650
-0.0000000967345954450138379
-0.0000000949636316249780066
-0.0000000932305752598949766
-0.0000000915338773666007910
-0.0000000898703333973571716
-0.0000000882437305449457199
-0.0000000866485621031642950
-0.0000000850872154956050508
-0.0000000835584188507709769
-0.0000000820597563233604888
-0.0000000805924784685885243
-0.0000000791550291978637688
-0.0000000777463853296467278
-0.0000000763666534453477652
-0.0000000750148316797094594
-0.0000000736910337195695320
-0.0000000723930924095839146
-0.0000000711202901015894895
-0.0000000698746660532378883
-0.0000000686521346437984903
-0.0000000674566820180189097
-0.0000000662822614572178281
-0.0000000651325748890485556
-0.0000000640052064682095079
-0.0000000629005256769232801
-0.0000000618168982668976241
-0.0000000607541608133033151
-0.0000000597132085999874107
-0.0000000586930077872693801
-0.0000000576925103246139770
-0.0000000567103803916779725
-0.0000000557475203777357819
-0.0000000548037419889624289
-0.0000000538782529702075408
-0.0000000529705701524108008
-0.0000000520801748393751041
-0.0000000512065945201811701
-0.0000000503498789328205021
-0.0000000495103620323789073
-0.0000000486858731107986387
-0.0000000478764476952164841
-0.0000000470835601618091459
-0.0000000463058569266650011
-0.0000000455414301825385337
-0.0000000447928485414195166
-0.0000000440569465354201384
-0.0000000433358700036023947
-0.0000000426274233689127868
-0.0000000419327754741516401
-0.0000000412507148439544835
-0.0000000405811348969109531
-0.0000000399246573579148389
-0.0000000392799073267724452
-0.0000000386469274360479176
-0.0000000380256288678992860
-0.0000000374161821525831328
-0.0000000368175072651411028
-0.0000000362295011768765107
-0.0000000356522029676398233
-0.0000000350856481645678286
-0.0000000345290267489417602
-0.0000000339830812379204872
-0.0000000334470051654989220
-0.0000000329199743021035829
-0.0000000324021804942731251
-0.0000000318944870514314971
-0.0000000313955297315260395
-0.0000000309053262981251464
-0.0000000304243421567207406
-0.0000000299509075318837859
-0.0000000294868858219388130
-0.0000000290303407979308759
-0.0000000285825514367843425
-0.0000000281422938286368662
-0.0000000277093050726762158
-0.0000000272848801330383139
-0.0000000268669300140800260
-0.0000000264574531172456773
-0.0000000260535184537502573
-0.0000000256573997603481985
-0.0000000252682728074660190
-0.0000000248858906815030423
-0.0000000245102587115297865
-0.0000000241408528722786286
-0.0000000237776802691769262
-0.0000000234206307681006365
-0.0000000230701378001185731
-0.0000000227255245732749245
-0.0000000223866720716614509
-0.0000000220534523975857155
-0.0000000217257447587826391
-0.0000000214039932444620717
-0.0000000210875086281703261
-0.0000000207761647885718048
-0.0000000204706882556138225
-0.0000000201698302504382809
-0.0000000198740259804708330
-0.0000000195835685445899799
-0.0000000192973583779121327
-0.0000000190163191859937797
-0.0000000187396231865477603
-0.0000000184677748649164641
-0.0000000182005841509180755
-0.0000000179372836583979733
-0.0000000176788752526135795
-0.0000000174244636497178362
-0.0000000171740524024244223
-0.0000000169280127693127724
-0.0000000166858615813225697
-0.0000000164476148256653687
-0.0000000162134927705892551
-0.0000000159830175761044302
-0.0000000157560577918047784
-0.0000000155331907336631048
-0.0000000153138604019886770
-0.0000000150981538382666258
-0.0000000148853027681639105
-0.0000000146761678365692205
-0.0000000144704710436371897
-0.0000000142681582104842164
-0.0000000140692364425376581
-0.0000000138729410181781532
-0.0000000136800588634855558
-0.0000000134904549753400715
-0.0000000133036479610382230
-0.0000000131195783126258902
-0.0000000129388837422084180
-0.0000000127605215283210782
-0.0000000125852004373427917
-0.0000000124124390765700809
-0.0000000122427374904532371
-0.0000000120755405674799476
-0.0000000119107150808872575
-0.0000000117486917972087213
-0.0000000115203597772506328
-0.0000000112107336747158115
-0.0000000109106155221638801
-0.0000000106196385019075024
-0.0000000103374695470392908
-0.0000000100638049005397079
-0.0000000097983798852396831
-0.0000000095409591338579958
-0.0000000092912708637982178
-0.0000000090490086535055525
-0.0000000088138811804583383
-0.0000000085858040677067038
-0.0000000083644131620985718
-0.0000000081495166170952871
-0.0000000079408337683162245
-0.0000000077383663921182233
-0.0000000075417245781750353
-0.0000000073506769560083285
-0.0000000071652905830887903
-0.0000000069851031625489668
-0.0000000068101435601874982
-0.0000000066401928400239285
-0.0000000064750516060030350
-0.0000000063145502160466549
-0.0000000061586278299330388
-0.0000000060070779461796064
-0.0000000058597859897702165
-0.0000000057165614464338432
-0.0000000055773750062826366
-0.0000000054419997397303632
-0.0000000053104045605323336
-0.0000000051823980662391023
-0.0000000050579460619815109
-0.0000000049369086596584566
-0.0000000048191446389012071
-0.0000000047045491946562379
-0.0000000045930859116083411
-0.0000000044846295566003391
-0.0000000043791250625702105
-0.0000000042763419472180431
-0.0000000041764520730680488
-0.0000000040791188204991613
-0.0000000039843888188784149
-0.0000000038922065570545783
-0.0000000038023912907192425
-0.0000000037149274767500629
-0.0000000036298275496449151
-0.0000000035469009951327735
-0.0000000034661755687892537
-0.0000000033875051652643151
-0.0000000033108986663421547
-0.0000000032362168500554844
-0.0000000031634963537641170
-0.0000000030926146088461337
-0.0000000030235802750411267
-0.0000000029562612358091656
-0.0000000028906312898868691
-0.0000000028266984308800147
-0.0000000027643392019882640
-0.0000000027035962357757626
-0.0000000026443445211299377
-0.0000000025865747321773824
-0.0000000025302404615956675
-0.0000000024753135097199674
-0.0000000024217652327962469
-0.0000000023695490014574716
-0.0000000023185573461148579
-0.0000000022688140255411327
-0.0000000022203239247176043
-0.0000000021729871235720566
-0.0000000021268189431822293
-0.0000000020817711998688537
-0.0000000020378052578706729
-0.0000000019948998009056140
-0.0000000019530330686023945
-0.0000000019121486616313632
-0.0000000018722505767954090
-0.0000000018332906304152630
-0.0000000017952823672118257
-0.0000000017581412992129231
-0.0000000017218939607488437
-0.0000000016864738494604126
-0.0000000016519109413692945
-0.0000000016181385120717096
-0.0000000015851563395230528
-0.0000000015529456609542081
-0.0000000015214831616816582
-0.0000000014907369783045965
-0.0000000014606889031654191
-0.0000000014313413787547802
-0.0000000014026803052402670
-0.0000000013746641602807586
-0.0000000013472832849359406
-0.0000000013205263549309620
-0.0000000012943834892809036
-0.0000000012687957351431578
-0.0000000012438181595797460
-0.0000000012194006915322575
-0.0000000011955059164847626
-0.0000000011721585924107103
-0.0000000011493426210762436
-0.0000000011270168132071490
-0.0000000011051831672048706
-0.0000000010838568931248460
-0.0000000010629743751877641
-0.0000000010425591501217468
-0.0000000010225955637821471
-0.0000000010030509756120409
-0.0000000009839393744215386
-0.0000000009652544319393996
-0.0000000009469710571252676
-0.0000000009290650471172057
-0.0000000009115596055764286
-0.0000000008944210927452900
-0.0000000008776645521457738
-0.0000000008612560664644775
-0.0000000008451928601438397
-0.0000000008294848696799306
-0.0000000008140986773597092
-0.0000000007990441641680945
-0.0000000007842963500870326
-0.0000000007698718884618927
-0.0000000007557390269141706
-0.0000000007419033720701407
-0.0000000007283638692179295
-0.0000000007151084169265687
-0.0000000007021119796668529
-0.0000000006894041448823884
-0.0000000006769418914309711
-0.0000000006647438710594145
-0.0000000006528001472716483
-0.0000000006410918462762538
-0.0000000006296287380358478
-0.0000000006183986656083107
-0.0000000006073936353878651
-0.0000000005966144800417794
-0.0000000005860533724977302
-0.0000000005757112009341370
-0.0000000005655710344498743
-0.0000000005556272664186679
-0.0000000005458958285409210
-0.0000000005363448019046757
-0.0000000005270053282657727
-0.0000000005178301676345143
-0.0000000005088482413206918
-0.0000000005000406755328868
-0.0000000004914103568509631
-0.0000000004829445177101377
-0.0000000004746418813539321
-0.0000000004665094421874016
-0.0000000004585391233380420
-0.0000000004507227369110467
-0.0000000004430498468099842
-0.0000000004355275029510608
-0.0000000004281542342887690
-0.0000000004209238513297464
-0.0000000004138325793157094
-0.0000000004068763659326180
-0.0000000004000515196889154
-0.0000000003933584291626602
-0.0000000003867997033779602
-0.0000000003803583836781144
-0.0000000003740347476188788
-0.0000000003678403137641340
-0.0000000003617645072395703
-0.0000000003557924233010823
-0.0000000003499441292298400
-0.0000000003441948948079698
-0.0000000003385614844031437
-0.0000000003330267450696311
-0.0000000003275998083918097
-0.0000000003222712097183944
-0.0000000003170401163821168
-0.0000000003119113856087097
-0.0000000003068742759904097
-0.0000000003019291205941244
-0.0000000002970752255304632
-0.0000000002923139230670557
-0.0000000002876367755089149
-0.0000000002830429779443477
-0.0000000002785328356846861
-0.0000000002741066262856862
-0.0000000002697580214761075
-0.0000000002654928221712538
-0.0000000002613047278554603
-0.0000000002571872992351842
-0.0000000002531420351115088
-0.0000000002491756800893086
-0.0000000002452775760275472
-0.0000000002414478617041027
-0.0000000002376901730993808
-0.0000000002339914650928421
-0.0000000002303662954838970
-0.0000000002267995374838350
-0.0000000002233011830998777
-0.0000000002198616705362255
-0.0000000002164789458802829
-0.0000000002131631260393618
-0.0000000002098978907350002
-0.0000000002066988524784819
-0.0000000002035431129199239
-0.0000000002004484356277203
-0.0000000001974083813083283
-0.0000000001944210209492425
-0.0000000001914863961838265
-0.0000000001886004130646768
-0.0000000001857631271029447
-0.0000000001829736778757862
-0.0000000001802354515634264
-0.0000000001775431607287103
-0.0000000001748958755598551
-0.0000000001722925968561384
-0.0000000001697323809279894
-0.0000000001672186972223599
-0.0000000001647461611575807
-0.0000000001623137874107172
-0.0000000001599272519969830
-0.0000000001575767988315491
-0.0000000001552658279724284
-0.0000000001529966292546092
-0.0000000001507606123274385
-0.0000000001485649936405764
-0.0000000001464033061449044
-0.0000000001442794911321599
-0.0000000001421920636790475
-0.0000000001401350285812342
-0.0000000001381162129110436
-0.0000000001361286222634206
-0.0000000001341722843939408
-0.0000000001322500997602560
-0.0000000001303582936040826
-0.0000000001284969908255107
-0.0000000001266679122702286
-0.0000000001248673248133159
-0.0000000001230942014984748
-0.0000000001213530526067430
-0.0000000001196395343905365
-0.0000000001179543268614580
-0.0000000001162914278762806
-0.0000000001146575612231970
-0.0000000001130505550284155
-0.0000000001114699860194079
-0.0000000001099159097073255
-0.0000000001083823517045168
-0.0000000001068754598709809
-0.0000000001053941794948443
-0.0000000001039347496956111
-0.0000000001024967055673898
-0.0000000001010850292360033
-0.0000000000996915744400084
-0.0000000000983218784167406
-0.0000000000969721802857038
-0.0000000000956463866441659
-0.0000000000943401606834371
-0.0000000000930524615694317
-0.0000000000917866546656931
-0.0000000000900028107597706
-0.0000000000875838568337173
-0.0000000000852391837669053
-0.0000000000829659257961524
-0.0000000000807614808362445
-0.0000000000786234757854665
-0.0000000000765498428534350
-0.0000000000745387432332656
-0.0000000000725880536234236
-0.0000000000706953801055121
-0.0000000000688584467223308
-0.0000000000670765942789586
-0.0000000000653469778288951
-0.0000000000636680985710569
-0.0000000000620377638149705
-0.0000000000604559874384236
-0.0000000000589197232669925
-0.0000000000574271637188151
-0.0000000000559788326803812
-0.0000000000545711184574138
-0.0000000000532042465639648
-0.0000000000518765065626869
-0.0000000000505863406718987
-0.0000000000493324235628645
-0.0000000000481142799213519
-0.0000000000469302964545282
-0.0000000000457795780450798
-0.0000000000446606363002644
-0.0000000000435732422365831
-0.0000000000425156229666435
-0.0000000000414875356291589
-0.0000000000404874848924930
-0.0000000000395152036092306
-0.0000000000385695989035817
-0.0000000000376495674914157
-0.0000000000367542905832519
-0.0000000000358834836844402
-0.0000000000350361684109401
-0.0000000000342119145513298
-0.0000000000334089214626410
-0.0000000000326285318208441
-0.0000000000318681157851497
-0.0000000000311280376474876
-0.0000000000304078637269889
-0.0000000000297061819587441
-0.0000000000290228709121099
-0.0000000000283580277316009
-0.0000000000277101640244748
-0.0000000000270794966311660
-0.0000000000264648841036275
-0.0000000000258663958307981
-0.0000000000252829441410585
-0.0000000000247148152637822
-0.0000000000241610516316104
-0.0000000000236217208987588
-0.0000000000230957909047591
-0.0000000000225830569522412
-0.0000000000220835814912501
-0.0000000000215964000155333
-0.0000000000211218455919981
-0.0000000000206589415713276
-0.0000000000202076150951358
-0.0000000000197675036062162
-0.0000000000193383867946872
-0.0000000000189200408812207
-0.0000000000185121015738865
-0.0000000000181137292665223
-0.0000000000177251095745401
-0.0000000000173462806618563
-0.0000000000169764619029067
-0.0000000000166157729936112
-0.0000000000162638374989754
-0.0000000000159203535771146
-0.0000000000155851546945751
-0.0000000000152580708484562
-0.0000000000149386614189950
-0.0000000000146269576312141
-0.0000000000143225830501192
-0.0000000000140256434938424
-0.0000000000137354789001010
-0.0000000000134522965683503
-0.0000000000131755769489095
-0.0000000000129055542294476
-0.0000000000126417071255602
-0.0000000000123840339025238
-0.0000000000121323879762048
-0.0000000000118865872006380
-0.0000000000116463826430047
-0.0000000000114116320559798
-0.0000000000111823545215217
-0.0000000000109584398846896
-0.0000000000107395637521934
-0.0000000000105256506635620
-0.0000000000103166121478981
-0.0000000000101123710100071
-0.0000000000099124666808059
-0.0000000000097173293717168
-0.0000000000095265679025958
-0.0000000000093398899725372
-0.0000000000091574890032087
-0.0000000000089792392271582
-0.0000000000088048188531809
-0.0000000000086342434937881
-0.0000000000084676319775379
-0.0000000000083044873061544
-0.0000000000081449933603261
-0.0000000000079890278420480
-0.0000000000078363357469691
-0.0000000000076870263626683
-0.0000000000075410502495266
-0.0000000000073982113837912
-0.0000000000072583206806032
-0.0000000000071215594185658
-0.0000000000069876647870726
-0.0000000000068567543136389
-0.0000000000067285630192537
-0.0000000000066030692198737
-0.0000000000064803505443745
-0.0000000000063601459168727
-0.0000000000062425325325632
-0.0000000000061273152350549
-0.0000000000060146241286085
-0.0000000000059042111477670
-0.0000000000057961200942980
-0.0000000000056903427282651
-0.0000000000055867845072388
-0.0000000000054852498411473
-0.0000000000053859698818937
-0.0000000000052886085268045
-0.0000000000051933114926517
-0.0000000000051000011505598
-0.0000000000050085300490332
-0.0000000000049189745159051
-0.0000000000048312395750649
-0.0000000000047452627764677
-0.0000000000046610506253264
-0.0000000000045785419726385
-0.0000000000044977437572979
-0.0000000000044185237066396
-0.0000000000043408380188958
-0.0000000000042648111604759
-0.0000000000041901937648803
-0.0000000000041172291270763
-0.0000000000040455481846446
-0.0000000000039753768853179
-0.0000000000039065677776007
-0.0000000000038391434128981
-0.0000000000037730040446105
-0.0000000000037081396980776
-0.0000000000036446050170891
-0.0000000000035823369010785
-0.0000000000035212713821176
-0.0000000000034613269282030
-0.0000000000034025586168052
-0.0000000000033449549553810
-0.0000000000032884675885136
-0.0000000000032330670259040
-0.0000000000031787216088486
-0.0000000000031254024975697
-0.0000000000030731127278333
-0.0000000000030218726826403
-0.0000000000029715498724853
-0.0000000000029221464657725
-0.0000000000028737524512823
-0.0000000000028262852128091
-0.0000000000027796283070397
-0.0000000000027339385096081
-0.0000000000026890226156873
-0.0000000000026450115968996
-0.0000000000026017714458565
-0.0000000000025593735030610
-0.0000000000025177438259250
-0.0000000000024768759092353
-0.0000000000024368077000680
-0.0000000000023974552811751
-0.0000000000023588212546416
-0.0000000000023209001994567
-0.0000000000022837025239614
-0.0000000000022471623086634
-0.0000000000022112732651902
-0.0000000000021760377787866
-0.0000000000021414580178569
-0.0000000000021074845427821
-0.0000000000020741626732129
-0.0000000000020414431863708
-0.0000000000020092757752749
-0.0000000000019776721493087
-0.0000000000019466850006977
-0.0000000000019162310627152
-0.0000000000018863114195633
-0.0000000000018569544773389
-0.0000000000018280583210378
-0.0000000000017997366834679
-0.0000000000017718713865925
-0.0000000000017445404929678
-0.0000000000017176693010643
-0.0000000000016912417646897
-0.0000000000016653369221825
-0.0000000000016398272713672
-0.0000000000016148347849881
-0.0000000000015901805696869
-0.0000000000015660034033416
-0.0000000000015422529789713
-0.0000000000015189142261660
-0.0000000000014959874701861
-0.0000000000014734407270678
-0.0000000000014512744304918
-0.0000000000014294818584046
-0.0000000000014080894653393
-0.0000000000013870559431930
-0.0000000000013663740278114
-0.0000000000013460359129386
-0.0000000000013260342259999
-0.0000000000013063960720497
-0.0000000000012870793840436
-0.0000000000012680764641462
-0.0000000000012494316562264
-0.0000000000012310687408715
-0.0000000000012130142810346
-0.0000000000011952861660516
-0.0000000000011778172838081
-0.0000000000011606640128170
-0.0000000000011437758292571
-0.0000000000011271835244700
-0.0000000000011108754974926
-0.0000000000010948049107909
-0.0000000000010790329133675
-0.0000000000010635048614330
-0.0000000000010482209718277
-0.0000000000010332039043770
-0.0000000000010184241687819
-0.0000000000010038827408243
-0.0000000000009895930646112
-0.0000000000009755259751040
-0.0000000000009616734492068
-0.0000000000009480707234902
-0.0000000000009346838624261
-0.0000000000009215181786051
-0.0000000000009085267802834
-0.0000000000008957621970562
-0.0000000000008832074611595
-0.0000000000008708592657766
-0.0000000000008587180445885
-0.0000000000008467371226915
-0.0000000000008349645302420
-0.0000000000008233920273035
-0.0000000000008119902319970
-0.0000000000008007555122452
-0.0000000000007897267909063
-0.0000000000007788404253126
-0.0000000000007681396751308
-0.0000000000007575951584821
-0.0000000000007472373956575
-0.0000000000007370325053394
-0.0000000000007269723560112
-0.0000000000007170832395757
-0.0000000000007031469590607
-0.0000000000006842488815134
-0.0000000000006659311231789
-0.0000000000006481712952824
-0.0000000000006309490690332
-0.0000000000006142459045740
-0.0000000000005980456472925
-0.0000000000005823339315099
-0.0000000000005670941689330
-0.0000000000005523076570743
-0.0000000000005379566150182
-0.0000000000005240358928044
-0.0000000000005105232642882
-0.0000000000004974070200864
-0.0000000000004846700298045
-0.0000000000004723124018627
-0.0000000000004603103380234
-0.0000000000004486497165532
-0.0000000000004373346303155
-0.0000000000004263368629485
-0.0000000000004156581762810
-0.0000000000004052852075210
-0.0000000000003952057864992
-0.0000000000003854095590849
-0.0000000000003758928118856
-0.0000000000003666429410510
-0.0000000000003576529534772
-0.0000000000003489112210958
-0.0000000000003404159549733
-0.0000000000003321533044269
-0.0000000000003241213721028
-0.0000000000003163084757226
-0.0000000000003087125281971
-0.0000000000003013249914342
-0.0000000000002941372460267
-0.0000000000002871428951817
-0.0000000000002803397162847
-0.0000000000002737200657105
-0.0000000000002672805824323
-0.0000000000002610071989269
-0.0000000000002549104048503
-0.0000000000002489696545715
-0.0000000000002431877941210
-0.0000000000002375614353671
-0.0000000000002320795465527
-0.0000000000002267411790009
-0.0000000000002215470916531
-0.0000000000002164856564412
-0.0000000000002115585674310
-0.0000000000002067569070596
-0.0000000000002020812174281
-0.0000000000001975230011020
-0.0000000000001930844942483
-0.0000000000001887582158720
-0.0000000000001845446945216
-0.0000000000001804358664434
-0.0000000000001764301324394
-0.0000000000001725279804004
-0.0000000000001687218751214
-0.0000000000001650144186875
-0.0000000000001613979810260
-0.0000000000001578719929307
-0.0000000000001544336219236
-0.0000000000001510811468335
-0.0000000000001478128193845
-0.0000000000001446257935460
-0.0000000000001415135098947
-0.0000000000001384774185511
-0.0000000000001355178176708
-0.0000000000001326286086165
-0.0000000000001298107265126
-0.0000000000001270612304607
-0.0000000000001243777623212
-0.0000000000001217590210514
-0.0000000000001192036785036
-0.0000000000001167082923359
-0.0000000000001142731064939
-0.0000000000001118951800791
-0.0000000000001095753397956
-0.0000000000001073084289070
-0.0000000000001050960669402
-0.0000000000001029341949134
-0.0000000000001008246424176
-0.0000000000000987633369184
-0.0000000000000967502648635
-0.0000000000000947842810641
-0.0000000000000928639625050
-0.0000000000000909873643985
-0.0000000000000891533754373
-0.0000000000000873621446994
-0.0000000000000856128115991
-0.0000000000000839028418140
-0.0000000000000822316458091
-0.0000000000000805985324055
-0.0000000000000790028985157
-0.0000000000000774411459438
-0.0000000000000759166357165
-0.0000000000000744263117390
-0.0000000000000729678904104
-0.0000000000000715428828376
-0.0000000000000701503064622
-0.0000000000000687876472905
-0.0000000000000674550272952
-0.0000000000000661533748245
-0.0000000000000648788070793
-0.0000000000000636327606275
-0.0000000000000624142800160
-0.0000000000000612213730232
-0.0000000000000600548934583
-0.0000000000000589144550744
-0.0000000000000577985264359
-0.0000000000000567056303172
-0.0000000000000556371829575
-0.0000000000000545911311490
-0.0000000000000535683930753
-0.0000000000000525668985879
-0.0000000000000515864782803
-0.0000000000000506277386279
-0.0000000000000496886399756
-0.0000000000000487697854107
-0.0000000000000478696502739
-0.0000000000000469892510048
-0.0000000000000461266495919
-0.0000000000000452821882367
-0.0000000000000444558025646
-0.0000000000000436467539628
-0.0000000000000428535143840
-0.0000000000000420778897023
-0.0000000000000413172541157
-0.0000000000000405727460363
-0.0000000000000398437589887
-0.0000000000000391291410081
-0.0000000000000384294884055
-0.0000000000000377440591802
-0.0000000000000370723654412
-0.0000000000000364144580104
-0.0000000000000357698591612
-0.0000000000000351386231039
-0.0000000000000345197164581
-0.0000000000000339127970226
-0.0000000000000333188371912
-0.0000000000000327358887881
-0.0000000000000321658525553
-0.0000000000000316058451925
-0.0000000000000310576319165
-0.0000000000000305200607625
-0.0000000000000299933079133
-0.0000000000000294765940985
-0.0000000000000289698413912
-0.0000000000000284734766960
-0.0000000000000279870070397
-0.0000000000000275099326728
-0.0000000000000270416166266
-0.0000000000000265824891938
-0.0000000000000261324605889
-0.0000000000000256911530353
-0.0000000000000252583361399
-0.0000000000000248337625691
-0.0000000000000244172070123
-0.0000000000000240086931862
-0.0000000000000236083803331
-0.0000000000000232152333788
-0.0000000000000228292692638
-0.0000000000000224511910256
-0.0000000000000220803532251
-0.0000000000000217158461487
-0.0000000000000213588946063
-0.0000000000000210079891851
-0.0000000000000206641531008
-0.0000000000000203263394208
-0.0000000000000199951054927
-0.0000000000000196698736400
-0.0000000000000193505930409
-0.0000000000000190375601568
-0.0000000000000187301193842
-0.0000000000000184282910519
-0.0000000000000181320328083
-0.0000000000000178414259684
-0.0000000000000175559555364
-0.0000000000000172755723843
-0.0000000000000170002951468
-0.0000000000000167301407645
-0.0000000000000164647229905
-0.0000000000000162043958845
-0.0000000000000159487748935
-0.0000000000000156974669943
-0.0000000000000154505636665
-0.0000000000000152084765680
-0.0000000000000149705551775
-0.0000000000000147368079653
-0.0000000000000145074568542
-0.0000000000000142817056331
-0.0000000000000140604428396
-0.0000000000000138427452078
-0.0000000000000136292226013
-0.0000000000000134192914146
-0.0000000000000132128262866
-0.0000000000000130104447046
-0.0000000000000128111505576
-0.0000000000000126158967577
-0.0000000000000124232857007
-0.0000000000000122344015886
-0.0000000000000120488513982
-0.0000000000000118665173919
-0.0000000000000116874021108
-0.0000000000000115112556802
-0.0000000000000113380814882
-0.0000000000000111678270188
-0.0000000000000110006989480
-0.0000000000000108363745562
-0.0000000000000106747970923
-0.0000000000000105159055698
-0.0000000000000103596423906
-0.0000000000000102062193129
-0.0000000000000100553076878
-0.0000000000000099068473761
-0.0000000000000097611848143
-0.0000000000000096177245381
-0.0000000000000094766740706
-0.0000000000000093381731723
-0.0000000000000092016975298
-0.0000000000000090676876001
-0.0000000000000089357486661
-0.0000000000000088061212849
-0.0000000000000086787148242
-0.0000000000000085531633656
-0.0000000000000084299446357
-0.0000000000000083086317299
-0.0000000000000081892263424
-0.0000000000000080719055029
-0.0000000000000079564388186
-0.0000000000000078428339127
-0.0000000000000077311958173
-0.0000000000000076212966805
-0.0000000000000075130738219
-0.0000000000000074068025273
-0.0000000000000073022176752
-0.0000000000000071993607704
-0.0000000000000070978654710
-0.0000000000000069981421645
-0.0000000000000069000582903
-0.0000000000000068035880139
-0.0000000000000067087347233
-0.0000000000000066151337710
-0.0000000000000065231603925
-0.0000000000000064327502133
-0.0000000000000063436736875
-0.0000000000000062559024394
-0.0000000000000061697405540
-0.0000000000000060846908228
-0.0000000000000060010912120
-0.0000000000000059187121756
-0.0000000000000058377921536
-0.0000000000000057580664480
-0.0000000000000056794715313
-0.0000000000000056022128092
-0.0000000000000054933356177
-0.0000000000000053456943868
-0.0000000000000052025868998
-0.0000000000000050638382444
-0.0000000000000049292896018
-0.0000000000000047987961295
-0.0000000000000046722316195
-0.0000000000000045494838399
-0.0000000000000044304231948
-0.0000000000000043149035709
-0.0000000000000042027860548
-0.0000000000000040940304125
-0.0000000000000039884630023
-0.0000000000000038859923444
-0.0000000000000037864846078
-0.0000000000000036899406396
-0.0000000000000035961745158
-0.0000000000000035050759106
-0.0000000000000034166767993
-0.0000000000000033307567418
-0.0000000000000032473295022
-0.0000000000000031662906838
-0.0000000000000030875452070
-0.0000000000000030110121804
-0.0000000000000029366625929
-0.0000000000000028643979770
-0.0000000000000027941636990
-0.0000000000000027258689148
-0.0000000000000026594996482
-0.0000000000000025949476908
-0.0000000000000025321982196
-0.0000000000000024711599666
-0.0000000000000024118166265
-0.0000000000000023541014956
-0.0000000000000022979472346
-0.0000000000000022433038686
-0.0000000000000021901540335
-0.0000000000000021384380134
-0.0000000000000020881295503
-0.0000000000000020391187416
-0.0000000000000019914875379
-0.0000000000000019450754263
-0.0000000000000018999046416
-0.0000000000000018559487138
-0.0000000000000018131214574
-0.0000000000000017714154609
-0.0000000000000017308366535
-0.0000000000000016912941909
-0.0000000000000016528013081
-0.0000000000000016152883364
-0.0000000000000015787595112
-0.0000000000000015431484461
-0.0000000000000015084726113
-0.0000000000000014746735615
-0.0000000000000014417554259
-0.0000000000000014096552066
-0.0000000000000013783604097
-0.0000000000000013478748469
-0.0000000000000013181396494
-0.0000000000000012891751460
-0.0000000000000012609217268
-0.0000000000000012333749448
-0.0000000000000012065126713
-0.0000000000000011803214596
-0.0000000000000011547876514
-0.0000000000000011298890121
-0.0000000000000011055742961
-0.0000000000000010818548324
-0.0000000000000010587329506
-0.0000000000000010361610048
-0.0000000000000010141463009
-0.0000000000000009926658630
-0.0000000000000009717012681
-0.0000000000000009512423520
-0.0000000000000009312787383
-0.0000000000000009117835339
-0.0000000000000008927586445
-0.0000000000000008741810944
-0.0000000000000008560573422
-0.0000000000000008383471008
-0.0000000000000008210630230
-0.0000000000000008041733978
-0.0000000000000007876925189
-0.0000000000000007715885697
-0.0000000000000007558614442
-0.0000000000000007405021958
-0.0000000000000007254997071
-0.0000000000000007108387844
-0.0000000000000006965107456
-0.0000000000000006825167555
-0.0000000000000006688500906
-0.0000000000000006554909517
-0.0000000000000006424347329
-0.0000000000000006296760344
-0.0000000000000006172101447
-0.0000000000000006050089527
-0.0000000000000005930987165
-0.0000000000000005814555605
-0.0000000000000005700616438
-0.0000000000000005589287722
-0.0000000000000005480492692
-0.0000000000000005374034945
-0.0000000000000005269924007
-0.0000000000000005168232408
-0.0000000000000005068656803
-0.0000000000000004971309424
-0.0000000000000004876115626
-0.0000000000000004782919767
-0.0000000000000004691788551
-0.0000000000000004602691803
-0.0000000000000004515509878
-0.0000000000000004430127369
-0.0000000000000004346654919
-0.0000000000000004264932121
-0.0000000000000004185030709
-0.0000000000000004106788952
-0.0000000000000004030193616
-0.0000000000000003955292080
-0.0000000000000003881924998
-0.0000000000000003810139485
-0.0000000000000003739816428
-0.0000000000000003671035235
-0.0000000000000003603644499
-0.0000000000000003537670956
-0.0000000000000003473109575
-0.0000000000000003409902653
-0.0000000000000003347930811
-0.0000000000000003287335133
-0.0000000000000003227910478
-0.0000000000000003169745784
-0.0000000000000003112793671
-0.0000000000000003056964141
-0.0000000000000003002303782
-0.0000000000000002948754623
-0.0000000000000002896278550
-0.0000000000000002844879532
-0.0000000000000002794520247
-0.0000000000000002745204930
-0.0000000000000002696852848
-0.0000000000000002649437267
-0.0000000000000002603034156
-0.0000000000000002557491312
-0.0000000000000002512957231
-0.0000000000000002469206656
-0.0000000000000002426377493
-0.0000000000000002384379747
-0.0000000000000002343227181
-0.0000000000000002302858914
-0.0000000000000002263268859
-0.0000000000000002224490367
-0.0000000000000002186484925
-0.0000000000000002149213490
-0.0000000000000002112626299
-0.0000000000000002076756968
-0.0000000000000002041598484
-0.0000000000000002007121331
-0.0000000000000001973307511
-0.0000000000000001940137701
-0.0000000000000001907594298
-0.0000000000000001875679155
-0.0000000000000001844404714
-0.0000000000000001813690108
-0.0000000000000001783536661
-0.0000000000000001753999299
-0.0000000000000001725027596
-0.0000000000000001696550480
-0.0000000000000001668663641
-0.0000000000000001641249155
-0.0000000000000001614386961
-0.0000000000000001587995267
-0.0000000000000001562117617
-0.0000000000000001536708878
-0.0000000000000001511765081
-0.0000000000000001487309387
-0.0000000000000001463290577
-0.0000000000000001439710238
-0.0000000000000001416565063
-0.0000000000000001393861404
-0.0000000000000001371559026
-0.0000000000000001349654093
-0.0000000000000001328148058
-0.0000000000000001307042247
-0.0000000000000001286306484
-0.0000000000000001265968428
-0.0000000000000001245998039
-0.0000000000000001226364609
-0.0000000000000001207075286
-0.0000000000000001188162232
-0.0000000000000001169574623
-0.0000000000000001151313122
-0.0000000000000001133395067
-0.0000000000000001115758253
-0.0000000000000001098472097
-0.0000000000000001081464469
-0.0000000000000001064783016
-0.0000000000000001048382142
-0.0000000000000001032252054
-0.0000000000000001016440993
-0.0000000000000001000871137
-0.0000000000000000985616934
-0.0000000000000000970569195
-0.0000000000000000955812624
-0.0000000000000000941316515
-0.0000000000000000927071671
-0.0000000000000000913078290
-0.0000000000000000899316850
-0.0000000000000000885787616
-0.0000000000000000872486486
-0.0000000000000000859429605
-0.0000000000000000846591762
-0.0000000000000000833968523
-0.0000000000000000821555123
-0.0000000000000000809347062
-0.0000000000000000797360884
-0.0000000000000000785570913
-0.0000000000000000773972451
-0.0000000000000000762592564
-0.0000000000000000751384730
-0.0000000000000000740365162
-0.0000000000000000729544779
-0.0000000000000000718882620
-0.0000000000000000708413094
-0.0000000000000000698105365
-0.0000000000000000687978225
-0.0000000000000000678024596
-0.0000000000000000668215888
-0.0000000000000000658589425
-0.0000000000000000649111854
-0.0000000000000000639783308
-0.0000000000000000630617617
-0.0000000000000000621596783
-0.0000000000000000612721399
-0.0000000000000000603999673
-0.0000000000000000595413803
-0.0000000000000000586958892
-0.0000000000000000578656447
-0.0000000000000000570485756
-0.0000000000000000562450060
-0.0000000000000000554520740
-0.0000000000000000546729857
-0.0000000000000000539067054
-0.0000000000000000531530314
-0.0000000000000000524119900
-0.0000000000000000516807326
-0.0000000000000000509621906
-0.0000000000000000502558610
-0.0000000000000000495599507
-0.0000000000000000488742378
-0.0000000000000000482010981
-0.0000000000000000475366471
-0.0000000000000000468835251
-0.0000000000000000462399389
-0.0000000000000000456077512
-0.0000000000000000449848941
-0.0000000000000000443708713
-0.0000000000000000437672876
