-17.1811351776123046875000000
-16.9155654907226562500000000
-16.6552257537841796875000000
-16.3999252319335937500000000
-16.1494064331054687500000000
-15.9037046432495117187500000
-15.6627035140991210937500000
-15.4263658523559570312500000
-15.1941947937011718750000000
-14.9666051864624023437500000
-14.7430238723754882812500000
-14.5240106582641601562500000
-14.3086891174316406250000000
-14.0974702835083007812500000
-13.8901548385620117187500000
-13.6865472793579101562500000
-13.4866733551025390625000000
-13.2904081344604492187500000
-13.0977811813354492187500000
-12.9085149765014648437500000
-12.7228622436523437500000000
-12.5404672622680664062500000
-12.3612070083618164062500000
-12.1853275299072265625000000
-12.0122509002685546875000000
-11.8424501419067382812500000
-11.6758728027343750000000000
-11.5116329193115234375000000
-11.3506593704223632812500000
-11.1924419403076171875000000
-11.0370759963989257812500000
-10.8842782974243164062500000
-10.7341423034667968750000000
-10.5863866806030273437500000
-10.4416303634643554687500000
-10.2987623214721679687500000
-10.1587791442871093750000000
-10.0208654403686523437500000
-9.8855667114257812500000000
-9.7522945404052734375000000
-9.6213674545288085937500000
-9.4926481246948242187500000
-9.3660011291503906250000000
-9.2416658401489257812500000
-9.1192083358764648437500000
-8.9986352920532226562500000
-8.8802671432495117187500000
-8.7638883590698242187500000
-8.6492099761962890625000000
-8.5366230010986328125000000
-8.4256849288940429687500000
-8.3165597915649414062500000
-8.2093353271484375000000000
-8.1037206649780273437500000
-7.9997258186340332031250000
-7.8975887298583984375000000
-7.7969436645507812500000000
-7.6977987289428710937500000
-7.6002421379089355468750000
-7.5044722557067871093750000
-7.4098925590515136718750000
-7.3170814514160156250000000
-7.2257070541381835937500000
-7.1355152130126953125000000
-7.0468535423278808593750000
-6.9597301483154296875000000
-6.8736281394958496093750000
-6.7890830039978027343750000
-6.7057981491088867187500000
-6.6237096786499023437500000
-6.5429363250732421875000000
-6.4634113311767578125000000
-6.3850288391113281250000000
-6.3078346252441406250000000
-6.2318344116210937500000000
-6.1569609642028808593750000
-6.0831460952758789062500000
-6.0106196403503417968750000
-5.9389781951904296875000000
-5.8685646057128906250000000
-5.7990074157714843750000000
-5.7305417060852050781250000
-5.6631708145141601562500000
-5.5967140197753906250000000
-5.5312142372131347656250000
-5.4666767120361328125000000
-5.4031834602355957031250000
-5.3405508995056152343750000
-5.2786703109741210937500000
-5.2178497314453125000000000
-5.1578688621520996093750000
-5.0987672805786132812500000
-5.0404787063598632812500000
-4.9830417633056640625000000
-4.9264254570007324218750000
-4.8704838752746582031250000
-4.8155231475830078125000000
-4.7612457275390625000000000
-4.7077302932739257812500000
-4.6549067497253417968750000
-4.6029310226440429687500000
-4.5516924858093261718750000
-4.5010833740234375000000000
-4.4511823654174804687500000
-4.4019937515258789062500000
-4.3535208702087402343750000
-4.3056163787841796875000000
-4.2584362030029296875000000
-4.2119064331054687500000000
-4.1659574508666992187500000
-4.1207408905029296875000000
-4.0759992599487304687500000
-4.0319976806640625000000000
-3.9883999824523925781250000
-3.9456255435943603515625000
-3.9031486511230468750000000
-3.8615384101867675781250000
-3.8204197883605957031250000
-3.7796471118927001953125000
-3.7395601272583007812500000
-3.7000124454498291015625000
-3.6609311103820800781250000
-3.6223943233489990234375000
-3.5844047069549560546875000
-3.5467388629913330078125000
-3.5097754001617431640625000
-3.4732167720794677734375000
-3.4371404647827148437500000
-3.4015107154846191406250000
-3.3662931919097900390625000
-3.3316395282745361328125000
-3.2973270416259765625000000
-3.2635087966918945312500000
-3.2301864624023437500000000
-3.1971557140350341796875000
-3.1646251678466796875000000
-3.1325035095214843750000000
-3.1007738113403320312500000
-3.0694563388824462890625000
-3.0384974479675292968750000
-3.0079169273376464843750000
-2.9777183532714843750000000
-2.9480898380279541015625000
-2.9186019897460937500000000
-2.8895766735076904296875000
-2.8609199523925781250000000
-2.8325974941253662109375000
-2.8045344352722167968750000
-2.7769222259521484375000000
-2.7495923042297363281250000
-2.7226784229278564453125000
-2.6960496902465820312500000
-2.6696898937225341796875000
-2.6437125205993652343750000
-2.6180830001831054687500000
-2.5927069187164306640625000
-2.5676057338714599609375000
-2.5429124832153320312500000
-2.5184214115142822265625000
-2.4942848682403564453125000
-2.4704473018646240234375000
-2.4468164443969726562500000
-2.4235246181488037109375000
-2.4005179405212402343750000
-2.3777396678924560546875000
-2.3552491664886474609375000
-2.3330464363098144531250000
-2.3110773563385009765625000
-2.2893798351287841796875000
-2.2679181098937988281250000
-2.2467489242553710937500000
-2.2257807254791259765625000
-2.2050507068634033203125000
-2.1845986843109130859375000
-2.1643505096435546875000000
-2.1444010734558105468750000
-2.1245448589324951171875000
-2.1050453186035156250000000
-2.0857350826263427734375000
-2.0666525363922119140625000
-2.0477800369262695312500000
-2.0290992259979248046875000
-2.0106682777404785156250000
-1.9924306869506835937500000
-1.9743700027465820312500000
-1.9565798044204711914062500
-1.9388923645019531250000000
-1.9214780330657958984375000
-1.9042811393737792968750000
-1.8872084617614746093750000
-1.8704112768173217773437500
-1.8536642789840698242187500
-1.8372139930725097656250000
-1.8209286928176879882812500
-1.8048279285430908203125000
-1.7888749837875366210937500
-1.7730900049209594726562500
-1.7574915885925292968750000
-1.7420811653137207031250000
-1.7268785238265991210937500
-1.7117893695831298828125000
-1.6968157291412353515625000
-1.6820697784423828125000000
-1.6674593687057495117187500
-1.6530597209930419921875000
-1.6387966871261596679687500
-1.6246514320373535156250000
-1.6106631755828857421875000
-1.5968129634857177734375000
-1.5831961631774902343750000
-1.5696625709533691406250000
-1.5562502145767211914062500
-1.5429977178573608398437500
-1.5298863649368286132812500
-1.5169174671173095703125000
-1.5041098594665527343750000
-1.4914267063140869140625000
-1.4788495302200317382812500
-1.4663792848587036132812500
-1.4541480541229248046875000
-1.4419116973876953125000000
-1.4298777580261230468750000
-1.4179528951644897460937500
-1.4061558246612548828125000
-1.3945068120956420898437500
-1.3829488754272460937500000
-1.3715398311614990234375000
-1.3602235317230224609375000
-1.3490188121795654296875000
-1.3379265069961547851562500
-1.3269658088684082031250000
-1.3161187171936035156250000
-1.3053851127624511718750000
-1.2947658300399780273437500
-1.2842044830322265625000000
-1.2737773656845092773437500
-1.2635030746459960937500000
-1.2532792091369628906250000
-1.2431432008743286132812500
-1.2331523895263671875000000
-1.2232315540313720703125000
-1.2134379148483276367187500
-1.2037338018417358398437500
-1.1941009759902954101562500
-1.1845966577529907226562500
-1.1751922369003295898437500
-1.1658512353897094726562500
-1.1566203832626342773437500
-1.1474722623825073242187500
-1.1384447813034057617187500
-1.1294535398483276367187500
-1.1205552816390991210937500
-1.1117693185806274414062500
-1.1031053066253662109375000
-1.0944318771362304687500000
-1.0859376192092895507812500
-1.0738209486007690429687500
-1.0572228431701660156250000
-1.0409516096115112304687500
-1.0249953269958496093750000
-1.0093379020690917968750000
-0.9939815402030944824218750
-0.9789189696311950683593750
-0.9641478657722473144531250
-0.9496371746063232421875000
-0.9354128241539001464843750
-0.9214389920234680175781250
-0.9077506661415100097656250
-0.8942930698394775390625000
-0.8810918927192687988281250
-0.8681346774101257324218750
-0.8554092049598693847656250
-0.8429170846939086914062500
-0.8306505084037780761718750
-0.8186113238334655761718750
-0.8067821860313415527343750
-0.7951788902282714843750000
-0.7837792038917541503906250
-0.7725754380226135253906250
-0.7615829706192016601562500
-0.7507656812667846679687500
-0.7401531338691711425781250
-0.7297420501708984375000000
-0.7194770574569702148437500
-0.7094162106513977050781250
-0.6995276212692260742187500
-0.6898172497749328613281250
-0.6802673935890197753906250
-0.6708838939666748046875000
-0.6616491675376892089843750
-0.6526018977165222167968750
-0.6436726450920104980468750
-0.6349236965179443359375000
-0.6263040900230407714843750
-0.6178479194641113281250000
-0.6095184087753295898437500
-0.6013354659080505371093750
-0.5932905077934265136718750
-0.5853750705718994140625000
-0.5776041150093078613281250
-0.5699505209922790527343750
-0.5624147057533264160156250
-0.5550166964530944824218750
-0.5477430224418640136718750
-0.5405756235122680664062500
-0.5335389375686645507812500
-0.5266053080558776855468750
-0.5197849869728088378906250
-0.5130834579467773437500000
-0.5064825415611267089843750
-0.4999828636646270751953125
-0.4935992956161499023437500
-0.4873089790344238281250000
-0.4811124205589294433593750
-0.4750151336193084716796875
-0.4690295159816741943359375
-0.4631182849407196044921875
-0.4573175907135009765625000
-0.4516066908836364746093750
-0.4459697008132934570312500
-0.4404283463954925537109375
-0.4349831342697143554687500
-0.4296017587184906005859375
-0.4243176877498626708984375
-0.4191123843193054199218750
-0.4139818549156188964843750
-0.4089335203170776367187500
-0.4039632081985473632812500
-0.3990643024444580078125000
-0.3942396640777587890625000
-0.3894896507263183593750000
-0.3848100602626800537109375
-0.3801966309547424316406250
-0.3756637275218963623046875
-0.3711861371994018554687500
-0.3667852878570556640625000
-0.3624379634857177734375000
-0.3581588566303253173828125
-0.3539481759071350097656250
-0.3497946262359619140625000
-0.3457008898258209228515625
-0.3416672945022583007812500
-0.3376989662647247314453125
-0.3337844312191009521484375
-0.3299168944358825683593750
-0.3261156082153320312500000
-0.3223668038845062255859375
-0.3186729550361633300781250
-0.3150299191474914550781250
-0.3114401102066040039062500
-0.3079015910625457763671875
-0.3044052422046661376953125
-0.3009701967239379882812500
-0.2975778579711914062500000
-0.2942331433296203613281250
-0.2909316718578338623046875
-0.2876831889152526855468750
-0.2844807803630828857421875
-0.2813177108764648437500000
-0.2781988978385925292968750
-0.2751246094703674316406250
-0.2720950543880462646484375
-0.2691010236740112304687500
-0.2661522626876831054687500
-0.2632441520690917968750000
-0.2603723406791687011718750
-0.2575463056564331054687500
-0.2547499537467956542968750
-0.2519998550415039062500000
-0.2492749989032745361328125
-0.2466015964746475219726563
-0.2439467906951904296875000
-0.2413461506366729736328125
-0.2387762367725372314453125
-0.2362279444932937622070313
-0.2337225079536437988281250
-0.2312507778406143188476563
-0.2288081943988800048828125
-0.2263996452093124389648438
-0.2240252941846847534179688
-0.2216711789369583129882813
-0.2193609625101089477539063
-0.2170760482549667358398438
-0.2148212790489196777343750
-0.2125944197177886962890625
-0.2103933244943618774414063
-0.2082274705171585083007813
-0.2060829401016235351562500
-0.2039692997932434082031250
-0.2018866539001464843750000
-0.1998222321271896362304688
-0.1977890729904174804687500
-0.1957814693450927734375000
-0.1937983632087707519531250
-0.1918410211801528930664063
-0.1899060904979705810546875
-0.1879948079586029052734375
-0.1861073970794677734375000
-0.1842556148767471313476563
-0.1824126243591308593750000
-0.1805985420942306518554688
-0.1788074970245361328125000
-0.1770373433828353881835938
-0.1752834022045135498046875
-0.1735576391220092773437500
-0.1718495190143585205078125
-0.1701674014329910278320313
-0.1685031056404113769531250
-0.1668556183576583862304688
-0.1652320325374603271484375
-0.1636301875114440917968750
-0.1620441824197769165039063
-0.1604753583669662475585938
-0.1589320302009582519531250
-0.1574013382196426391601563
-0.1558928042650222778320313
-0.1544029563665390014648438
-0.1529260277748107910156250
-0.1514702886343002319335938
-0.1500323712825775146484375
-0.1486087292432785034179688
-0.1472030729055404663085938
-0.1458154022693634033203125
-0.1444423347711563110351563
-0.1430862396955490112304688
-0.1417448818683624267578125
-0.1404218077659606933593750
-0.1391112953424453735351563
-0.1378156691789627075195313
-0.1365374177694320678710938
-0.1352719068527221679687500
-0.1340250670909881591796875
-0.1327840536832809448242188
-0.1315653324127197265625000
-0.1303584426641464233398438
-0.1291657835245132446289063
-0.1279862523078918457031250
-0.1268187016248703002929688
-0.1256667673587799072265625
-0.1245269179344177246093750
-0.1233981251716613769531250
-0.1222862377762794494628906
-0.1211807727813720703125000
-0.1200923770666122436523438
-0.1190175712108612060546875
-0.1179505288600921630859375
-0.1169007048010826110839844
-0.1158540174365043640136719
-0.1148258745670318603515625
-0.1138080433011054992675781
-0.1128017455339431762695313
-0.1118046864867210388183594
-0.1108181253075599670410156
-0.1098432242870330810546875
-0.1088800728321075439453125
-0.1079299077391624450683594
-0.1069868355989456176757813
-0.1060509830713272094726563
-0.1051293611526489257812500
-0.1042162105441093444824219
-0.1033162325620651245117188
-0.1024247929453849792480469
-0.1015407145023345947265625
-0.1006664484739303588867188
-0.0998008102178573608398438
-0.0989497601985931396484375
-0.0981039106845855712890625
-0.0972656384110450744628906
-0.0964373573660850524902344
-0.0956178978085517883300781
-0.0948073416948318481445313
-0.0940068662166595458984375
-0.0932141691446304321289063
-0.0924280956387519836425781
-0.0916487053036689758300781
-0.0908842533826828002929688
-0.0901194810867309570312500
-0.0893673598766326904296875
-0.0886220559477806091308594
-0.0878847390413284301757813
-0.0871566757559776306152344
-0.0864343047142028808593750
-0.0857212394475936889648438
-0.0850139707326889038085938
-0.0843136757612228393554688
-0.0836204066872596740722656
-0.0829353630542755126953125
-0.0822574198246002197265625
-0.0815865695476531982421875
-0.0809228643774986267089844
-0.0802627801895141601562500
-0.0796110853552818298339844
-0.0789689421653747558593750
-0.0783299505710601806640625
-0.0776964500546455383300781
-0.0770720243453979492187500
-0.0764519721269607543945313
-0.0758398696780204772949219
-0.0752333626151084899902344
-0.0746313109993934631347656
-0.0740372911095619201660156
-0.0734495148062705993652344
-0.0728657022118568420410156
-0.0722887739539146423339844
-0.0717170163989067077636719
-0.0711527988314628601074219
-0.0705908462405204772949219
-0.0700347051024436950683594
-0.0694855824112892150878906
-0.0689440816640853881835938
-0.0684019923210144042968750
-0.0678711012005805969238281
-0.0671138092875480651855469
-0.0660764276981353759765625
-0.0650594756007194519042969
-0.0640622079372406005859375
-0.0630836188793182373046875
-0.0621238462626934051513672
-0.0611824356019496917724609
-0.0602592416107654571533203
-0.0593523234128952026367188
-0.0584633015096187591552734
-0.0575899370014667510986328
-0.0567344166338443756103516
-0.0558933168649673461914063
-0.0550682432949542999267578
-0.0542584173381328582763672
-0.0534630753099918365478516
-0.0526823177933692932128906
-0.0519156567752361297607422
-0.0511632077395915985107422
-0.0504238866269588470458984
-0.0496986806392669677734375
-0.0489862002432346343994141
-0.0482859648764133453369141
-0.0475989356637001037597656
-0.0469228550791740417480469
-0.0462595708668231964111328
-0.0456088781356811523437500
-0.0449673160910606384277344
-0.0443385131657123565673828
-0.0437204763293266296386719
-0.0431135781109333038330078
-0.0425167120993137359619141
-0.0419302433729171752929688
-0.0413530729711055755615234
-0.0407876186072826385498047
-0.0402295403182506561279297
-0.0396827310323715209960938
-0.0391440056264400482177734
-0.0386154949665069580078125
-0.0380949005484580993652344
-0.0375834666192531585693359
-0.0370806567370891571044922
-0.0365859419107437133789063
-0.0361002571880817413330078
-0.0356219075620174407958984
-0.0351509191095829010009766
-0.0346885435283184051513672
-0.0342339389026165008544922
-0.0337859764695167541503906
-0.0333461835980415344238281
-0.0329128317534923553466797
-0.0324865616858005523681641
-0.0320677161216735839843750
-0.0316551588475704193115234
-0.0312489289790391921997070
-0.0308499559760093688964844
-0.0304568111896514892578125
-0.0300695262849330902099609
-0.0296884458512067794799805
-0.0293143447488546371459961
-0.0289448928087949752807617
-0.0285823494195938110351563
-0.0282254181802272796630859
-0.0278731063008308410644531
-0.0275267716497182846069336
-0.0271864458918571472167969
-0.0268501099199056625366211
-0.0265198554843664169311523
-0.0261945240199565887451172
-0.0258738659322261810302734
-0.0255583450198173522949219
-0.0252477005124092102050781
-0.0249415189027786254882813
-0.0246399790048599243164063
-0.0243431031703948974609375
-0.0240506287664175033569336
-0.0237622894346714019775391
-0.0234789829701185226440430
-0.0231991335749626159667969
-0.0229240804910659790039063
-0.0226523727178573608398438
-0.0223849285393953323364258
-0.0221217609941959381103516
-0.0218621641397476196289063
-0.0216063056141138076782227
-0.0213542059063911437988281
-0.0211061853915452957153320
-0.0208615269511938095092773
-0.0206198059022426605224609
-0.0203822255134582519531250
-0.0201479252427816390991211
-0.0199170596897602081298828
-0.0196893699467182159423828
-0.0194650068879127502441406
-0.0192438494414091110229492
-0.0190253276377916336059570
-0.0188106372952461242675781
-0.0185986161231994628906250
-0.0183895714581012725830078
-0.0181832294911146163940430
-0.0179801993072032928466797
-0.0177800487726926803588867
-0.0175823569297790527343750
-0.0173874311149120330810547
-0.0171952880918979644775391
-0.0170059408992528915405273
-0.0168188139796257019042969
-0.0166345164179801940917969
-0.0164527595043182373046875
-0.0162732712924480438232422
-0.0160966441035270690917969
-0.0159218721091747283935547
-0.0157499909400939941406250
-0.0155796874314546585083008
-0.0154125997796654701232910
-0.0152466744184494018554688
-0.0150841344147920608520508
-0.0149235147982835769653320
-0.0147642465308308601379395
-0.0146076567471027374267578
-0.0144531736150383949279785
-0.0143005121499300003051758
-0.0141499778255820274353027
-0.0140015808865427970886230
-0.0138544486835598945617676
-0.0137100601568818092346191
-0.0135672530159354209899902
-0.0134263299405574798583984
-0.0132871512323617935180664
-0.0131495827808976173400879
-0.0130142169073224067687988
-0.0128801837563514709472656
-0.0127480812370777130126953
-0.0126179158687591552734375
-0.0124888895079493522644043
-0.0123618170619010925292969
-0.0122363418340682983398438
-0.0121123977005481719970703
-0.0119900638237595558166504
-0.0118691306561231613159180
-0.0117496754974126815795898
-0.0116317123174667358398438
-0.0115159759297966957092285
-0.0114007890224456787109375
-0.0112874088808894157409668
-0.0111754685640335083007813
-0.0110648339614272117614746
-0.0109552126377820968627930
-0.0108473524451255798339844
-0.0107405949383974075317383
-0.0106354625895619392395020
-0.0105314441025257110595703
-0.0104284761473536491394043
-0.0103270020335912704467773
-0.0102268867194652557373047
-0.0101277614012360572814941
-0.0100297098979353904724121
-0.0099332518875598907470703
-0.0098375836387276649475098
-0.0097433002665638923645020
-0.0096501847729086875915527
-0.0095578767359256744384766
-0.0094668930396437644958496
-0.0093770232051610946655273
-0.0092880455777049064636230
-0.0092001920565962791442871
-0.0091134626418352127075195
-0.0090276459231972694396973
-0.0089428899809718132019043
-0.0088590551167726516723633
-0.0087763629853725433349609
-0.0086944559589028358459473
-0.0086134793236851692199707
-0.0085335886105895042419434
-0.0084544941782951354980469
-0.0083765666931867599487305
-0.0082990033552050590515137
-0.0082228332757949829101563
-0.0081474026665091514587402
-0.0080728614702820777893066
-0.0079991407692432403564453
-0.0079261688515543937683105
-0.0078541729599237442016602
-0.0077829323709011077880859
-0.0077123828232288360595703
-0.0076428898610174655914307
-0.0075737982988357543945313
-0.0075057735666632652282715
-0.0074385982006788253784180
-0.0073719080537557601928711
-0.0073062940500676631927490
-0.0072408760897815227508545
-0.0071766171604394912719727
-0.0071130027063190937042236
-0.0070501090958714485168457
-0.0069877929054200649261475
-0.0069261328317224979400635
-0.0068652015179395675659180
-0.0068050045520067214965820
-0.0067456192336976528167725
-0.0066866772249341011047363
-0.0066281864419579505920410
-0.0065705850720405578613281
-0.0065135131590068340301514
-0.0064572645351290702819824
-0.0064015495590865612030029
-0.0063462946563959121704102
-0.0062916530296206474304199
-0.0062375506386160850524902
-0.0061843600124120712280273
-0.0061314944177865982055664
-0.0060791024006903171539307
-0.0060273348353803157806396
-0.0059761186130344867706299
-0.0059254588559269905090332
-0.0058754291385412216186523
-0.0058258855715394020080566
-0.0057767559774219989776611
-0.0057280440814793109893799
-0.0056802658364176750183105
-0.0056324675679206848144531
-0.0055854599922895431518555
-0.0055388784967362880706787
-0.0054927961900830268859863
-0.0054472922347486019134521
-0.0054021440446376800537109
-0.0053575774654746055603027
-0.0053133731707930564880371
-0.0052696047350764274597168
-0.0052262754179537296295166
-0.0051834601908922195434570
-0.0051410887390375137329102
-0.0050991605967283248901367
-0.0050576790235936641693115
-0.0050164237618446350097656
-0.0049756928347051143646240
-0.0049355588853359222412109
-0.0048956219106912612915039
-0.0048560281284153461456299
-0.0048170015215873718261719
-0.0047782482579350471496582
-0.0047399918548762798309326
-0.0047020851634442806243896
-0.0046644569374620914459229
-0.0046273306943476200103760
-0.0045905946753919124603271
-0.0045541063882410526275635
-0.0045180483721196651458740
-0.0044823135249316692352295
-0.0044470499269664287567139
-0.0044119278900325298309326
-0.0043771690689027309417725
-0.0043428489007055759429932
-0.0043090051040053367614746
-0.0042751245200634002685547
-0.0042419438250362873077393
-0.0041946130804717540740967
-0.0041297767311334609985352
-0.0040662172250449657440186
-0.0040038879960775375366211
-0.0039427261799573898315430
-0.0038827403914183378219604
-0.0038239022251218557357788
-0.0037662026006728410720825
-0.0037095202133059501647949
-0.0036539563443511724472046
-0.0035993710625916719436646
-0.0035459010396152734756470
-0.0034933323040604591369629
-0.0034417652059346437454224
-0.0033911510836333036422729
-0.0033414422068744897842407
-0.0032926448620855808258057
-0.0032447285484522581100464
-0.0031977004837244749069214
-0.0031514929141849279403687
-0.0031061675399541854858398
-0.0030616375152021646499634
-0.0030178728047758340835571
-0.0029749334789812564849854
-0.0029326784424483776092529
-0.0028912231791764497756958
-0.0028505548834800720214844
-0.0028104572556912899017334
-0.0027711570728570222854614
-0.0027325297705829143524170
-0.0026945986319333314895630
-0.0026572945062071084976196
-0.0026206402108073234558105
-0.0025845670606940984725952
-0.0025492261629551649093628
-0.0025143462698906660079956
-0.0024801706895232200622559
-0.0024465003516525030136108
-0.0024134684354066848754883
-0.0023809312842786312103271
-0.0023489666637033224105835
-0.0023175410460680723190308
-0.0022866213694214820861816
-0.0022562660742551088333130
-0.0022263692226260900497437
-0.0021969324443489313125610
-0.0021680339705199003219604
-0.0021396211814135313034058
-0.0021116235293447971343994
-0.0020841364748775959014893
-0.0020570519845932722091675
-0.0020304101053625345230103
-0.0020042322576045989990234
-0.0019784474279731512069702
-0.0019530580611899495124817
-0.0019281222485005855560303
-0.0019035506993532180786133
-0.0018793453928083181381226
-0.0018555278657004237174988
-0.0018321465468034148216248
-0.0018090558005496859550476
-0.0017863968387246131896973
-0.0017640886362642049789429
-0.0017420691438019275665283
-0.0017204232281073927879333
-0.0016991528682410717010498
-0.0016781318699941039085388
-0.0016574909677729010581970
-0.0016371577512472867965698
-0.0016171166207641363143921
-0.0015973965637385845184326
-0.0015779812820255756378174
-0.0015588449314236640930176
-0.0015399986878037452697754
-0.0015214439481496810913086
-0.0015031642979010939598083
-0.0014851430896669626235962
-0.0014674364356324076652527
-0.0014499458484351634979248
-0.0014327550306916236877441
-0.0014157732948660850524902
-0.0013990580337122082710266
-0.0013826100621372461318970
-0.0013663852587342262268066
-0.0013503941008821129798889
-0.0013346378691494464874268
-0.0013191365869715809822083
-0.0013038454344496130943298
-0.0012887378688901662826538
-0.0012738890945911407470703
-0.0012592453276738524436951
-0.0012448162306100130081177
-0.0012305856216698884963989
-0.0012165629304945468902588
-0.0012027405900880694389343
-0.0011890829773619771003723
-0.0011756648309528827667236
-0.0011624135076999664306641
-0.0011493482161313295364380
-0.0011364518431946635246277
-0.0011237624567002058029175
-0.0011112530482932925224304
-0.0010988973081111907958984
-0.0010867144446820020675659
-0.0010747055057436227798462
-0.0010628713062033057212830
-0.0010511758737266063690186
-0.0010396572761237621307373
-0.0010282974690198898315430
-0.0010170794557780027389526
-0.0010060402564704418182373
-0.0009951170068234205245972
-0.0009843744337558746337891
-0.0009737304644659161567688
-0.0009632874862290918827057
-0.0009529171511530876159668
-0.0009427584009245038032532
-0.0009327196748927235603333
-0.0009227654081769287586212
-0.0009129785466939210891724
-0.0009033233509398996829987
-0.0008937820093706250190735
-0.0008843736140988767147064
-0.0008750988054089248180389
-0.0008659030427224934101105
-0.0008568787598051130771637
-0.0008479533134959638118744
-0.0008391456212848424911499
-0.0008304469520226120948792
-0.0008218489238061010837555
-0.0008133885567076504230499
-0.0008050114847719669342041
-0.0007967550773173570632935
-0.0007886197417974472045898
-0.0007805555942468345165253
-0.0007726135663688182830811
-0.0007647713646292686462402
-0.0007570248562842607498169
-0.0007493789889849722385406
-0.0007418206660076975822449
-0.0007343547185882925987244
-0.0007269820198416709899902
-0.0007197484956122934818268
-0.0007125493139028549194336
-0.0007054630550555884838104
-0.0006984667852520942687988
-0.0006915521225892007350922
-0.0006847007898613810539246
-0.0006779595278203487396240
-0.0006712871836498379707336
-0.0006647164118476212024689
-0.0006582152564078569412231
-0.0006517797592096030712128
-0.0006454376270994544029236
-0.0006391804199665784835815
-0.0006329850875772535800934
-0.0006268568686209619045258
-0.0006208282429724931716919
-0.0006148489774204790592194
-0.0006089562666602432727814
-0.0006031365483067929744720
-0.0005973672959953546524048
-0.0005916808149777352809906
-0.0005860639503225684165955
-0.0005805028486065566539764
-0.0005750120035372674465179
-0.0005695914151147007942200
-0.0005642278701998293399811
-0.0005589306238107383251190
-0.0005536909447982907295227
-0.0005485226865857839584351
-0.0005434034974314272403717
-0.0005383424577303230762482
-0.0005333492881618440151215
-0.0005284058861434459686279
-0.0005235354183241724967957
-0.0005186877097003161907196
-0.0005139270797371864318848
-0.0005092126666568219661713
-0.0005045538418926298618317
-0.0004999462980777025222778
-0.0004953855532221496105194
-0.0004908858099952340126038
-0.0004864332731813192367554
-0.0004820239264518022537231
-0.0004776806163135915994644
-0.0004733623936772346496582
-0.0004691108479164540767670
-0.0004649123875424265861511
-0.0004607442533597350120544
-0.0004566433781292289495468
-0.0004525547556113451719284
-0.0004485385725274682044983
-0.0004445626691449433565140
-0.0004406318184919655323029
-0.0004367370565887540578842
-0.0004328833019826561212540
-0.0004290750948712229728699
-0.0004253127845004200935364
-0.0004216012021061033010483
-0.0004179173265583813190460
-0.0004142616526223719120026
-0.0004106615670025348663330
-0.0004070945724379271268845
-0.0004035790334455668926239
-0.0004000968474429100751877
-0.0003966434160247445106506
-0.0003932283143512904644012
-0.0003898469149135053157806
-0.0003865225007757544517517
-0.0003832184011116623878479
-0.0003799439000431448221207
-0.0003767084272112697362900
-0.0003735074133146554231644
-0.0003703411784954369068146
-0.0003672143211588263511658
-0.0003641178482212126255035
-0.0003610472485888749361038
-0.0003580027550924569368362
-0.0003550166147761046886444
-0.0003520292229950428009033
-0.0003490912495180964469910
-0.0003461799060460180044174
-0.0003432997618801891803741
-0.0003404557646717876195908
-0.0003376340027898550033569
-0.0003348485915921628475189
-0.0003320858231745660305023
-0.0003293502959422767162323
-0.0003266422136221081018448
-0.0003239662619307637214661
-0.0003213180461898446083069
-0.0003186975372955203056335
-0.0003161049389746040105820
-0.0003135264851152896881104
-0.0003109808021690696477890
-0.0003084724303334951400757
-0.0003059763694182038307190
-0.0003035017580259591341019
-0.0003010625950992107391357
-0.0002986405161209404468536
-0.0002962494909297674894333
-0.0002938803227152675390244
-0.0002915285585913807153702
-0.0002892081683967262506485
-0.0002869121672119945287704
-0.0002846316492650657892227
-0.0002823780232574790716171
-0.0002801445953082293272018
-0.0002779406204354017972946
-0.0002757454931270331144333
-0.0002735730668064206838608
-0.0002714280562940984964371
-0.0002693128190003335475922
-0.0002671952825039625167847
-0.0002651214890647679567337
-0.0002621633175294846296310
-0.0002581110456958413124084
-0.0002541385765653103590012
-0.0002502429997548460960388
-0.0002464203862473368644714
-0.0002426712744636461138725
-0.0002389938890701159834862
-0.0002353876625420525670052
-0.0002318450133316218852997
-0.0002283722715219482779503
-0.0002249606914119794964790
-0.0002216188149759545922279
-0.0002183332690037786960602
-0.0002151103253709152340889
-0.0002119469427270814776421
-0.0002088401379296556115150
-0.0002057903038803488016129
-0.0002027955342782661318779
-0.0001998562802327796816826
-0.0001969683071365579962730
-0.0001941354712471365928650
-0.0001913523447001352906227
-0.0001886170502984896302223
-0.0001859333424363285303116
-0.0001832924026530236005783
-0.0001807014486985281109810
-0.0001781596802175045013428
-0.0001756535784807056188583
-0.0001731973170535638928413
-0.0001707831106614321470261
-0.0001684124144958332180977
-0.0001660809066379442811012
-0.0001637900131754577159882
-0.0001615354412933811545372
-0.0001593266351846978068352
-0.0001571466418681666254997
-0.0001550106680952012538910
-0.0001529062719782814383507
-0.0001508417772129178047180
-0.0001488082052674144506454
-0.0001468104164814576506615
-0.0001448463153792545199394
-0.0001429138355888426303864
-0.0001410166296409443020821
-0.0001391480764141306281090
-0.0001373082777718082070351
-0.0001355021231574937701225
-0.0001337263238383457064629
-0.0001319764705840498209000
-0.0001302585296798497438431
-0.0001285657490370795130730
-0.0001269006315851584076881
-0.0001252645161002874374390
-0.0001236529642483219504356
-0.0001220661288243718445301
-0.0001205076405312865972519
-0.0001189719187095761299133
-0.0001174590870505198836327
-0.0001159704916062764823437
-0.0001145091591752134263515
-0.0001130659875343553721905
-0.0001116498024202883243561
-0.0001102555397665128111839
-0.0001088793214876204729080
-0.0001075264517567120492458
-0.0001061970542650669813156
-0.0001048832418746314942837
-0.0001035931854858063161373
-0.0001023223594529554247856
-0.0001010697887977585196495
-0.0000998372852336615324020
-0.0000986238301265984773636
-0.0000974278082139790058136
-0.0000962499179877340793610
-0.0000950902467593550682068
-0.0000939477686188183724880
-0.0000928214431041851639748
-0.0000917147772270254790783
-0.0000906216155271977186203
-0.0000895471894182264804840
-0.0000884858309291303157806
-0.0000874411271070130169392
-0.0000864131288835778832436
-0.0000853990786708891391754
-0.0000843996313051320612431
-0.0000834148668218404054642
-0.0000824460366857238113880
-0.0000814903396531008183956
-0.0000805461168056353926659
-0.0000796180684119462966919
-0.0000787028329796157777309
-0.0000778010144131258130074
-0.0000769116013543680310249
-0.0000760351831559091806412
-0.0000751712868805043399334
-0.0000743176860851235687733
-0.0000734790519345551729202
-0.0000726508442312479019165
-0.0000718342635082080960274
-0.0000710282401996664702892
-0.0000702351535437628626823
-0.0000694533155183307826519
-0.0000686810817569494247437
-0.0000679196527926251292229
-0.0000671690941089764237404
-0.0000664294566377066075802
-0.0000656984921079128980637
-0.0000649785797577351331711
-0.0000642685918137431144714
-0.0000635674659861251711845
-0.0000628775160294026136398
-0.0000621948129264637827873
-0.0000615234021097421646118
-0.0000608581540291197597980
-0.0000602054678893182426691
-0.0000595573219470679759979
-0.0000589224000577814877033
-0.0000582949796807952225208
-0.0000576728380110580474138
-0.0000570611591683700680733
-0.0000564577094337437301874
-0.0000558613755856640636921
-0.0000552733508811797946692
-0.0000546936753380578011274
-0.0000541189401701558381319
-0.0000535549224878195673227
-0.0000529970820934977382421
-0.0000524466013303026556969
-0.0000519029345014132559299
-0.0000513655577378813177347
-0.0000508367847942281514406
-0.0000503132177982479333878
-0.0000497971923323348164558
-0.0000492887338623404502869
-0.0000487847246404271572828
-0.0000482883478980511426926
-0.0000477982102893292903900
-0.0000473140535177662968636
-0.0000468361868115607649088
-0.0000463637916254810988903
-0.0000458971699117682874203
-0.0000454363762401044368744
-0.0000449842809757683426142
-0.0000445343321189284324646
-0.0000440914409409742802382
-0.0000436541740782558917999
-0.0000432220076618250459433
-0.0000427937993663363158703
-0.0000423724704887717962265
-0.0000419554489781148731709
-0.0000415447757404763251543
-0.0000411384535254910588264
-0.0000407362349506001919508
-0.0000403398516937159001827
-0.0000399487762479111552238
-0.0000395615679735783487558
-0.0000391785542888101190329
-0.0000388017651857808232307
-0.0000384280610887799412012
-0.0000380597666662652045488
-0.0000376960342691745609045
-0.0000373354559997096657753
-0.0000369800509361084550619
-0.0000366289968951605260372
-0.0000362814280379097908735
-0.0000359382502210792154074
-0.0000355994634446687996387
-0.0000352642418874893337488
-0.0000349331639881711453199
-0.0000346056840498931705952
-0.0000342826679116114974022
-0.0000339627185894642025232
-0.0000336464036081451922655
-0.0000333343305101152509451
-0.0000330253678839653730392
-0.0000327209636452607810497
-0.0000324179818562697619200
-0.0000321204424835741519928
-0.0000318257916660513728857
-0.0000315346151182893663645
-0.0000312466436298564076424
-0.0000309615970763843506575
-0.0000306803631247021257877
-0.0000304020795738324522972
-0.0000301264954032376408577
-0.0000298550385195994749665
-0.0000295851496048271656036
-0.0000293194279947783797979
-0.0000290570242214016616344
-0.0000287965158349834382534
-0.0000285402111330768093467
-0.0000282846722257090732455
-0.0000280336607829667627811
-0.0000277851668215589597821
-0.0000275394886557478457689
-0.0000272960660367971286178
-0.0000270552063739160075784
-0.0000268171934294514358044
-0.0000265820490312762558460
-0.0000263500751316314563155
-0.0000261198329098988324404
-0.0000258913532888982445002
-0.0000256663479376584291458
-0.0000254434107773704454303
-0.0000252236895903479307890
-0.0000250060529651818796992
-0.0000247902135015465319157
-0.0000245767696469556540251
-0.0000243654321820940822363
-0.0000241576562984846532345
-0.0000239511500694788992405
-0.0000237464937526965513825
-0.0000235442767007043585181
-0.0000233442133321659639478
-0.0000231463236559648066759
-0.0000229508950724266469479
-0.0000227573655138257890940
-0.0000225654530368046835065
-0.0000223751721932785585523
-0.0000221885384235065430403
-0.0000220018264371901750565
-0.0000218182030948810279369
-0.0000216362441278761252761
-0.0000214562351175118237734
-0.0000212784852919867262244
-0.0000211021251743659377098
-0.0000209280369745101779699
-0.0000207553639484103769064
-0.0000205843934963922947645
-0.0000204151383513817563653
-0.0000202478913706727325916
-0.0000200823778868652880192
-0.0000199185960809700191021
-0.0000197565586859127506614
-0.0000195954053197056055069
-0.0000194363001355668529868
-0.0000192795268958434462547
-0.0000191235230886377394199
-0.0000189688598766224458814
-0.0000188164121937006711960
-0.0000186650322575587779284
-0.0000185155931831104680896
-0.0000183675201697042211890
-0.0000182205349119612947106
-0.0000180755105247953906655
-0.0000179320104507496580482
-0.0000177894780790666118264
-0.0000176486264535924419761
-0.0000175090372067643329501
-0.0000173712887772126123309
-0.0000172340933204395696521
-0.0000170983166754012927413
-0.0000169642535183811560273
-0.0000168320511875208467245
-0.0000166997051564976572990
-0.0000165700930665479972959
-0.0000163852073455927893519
-0.0000161319403559900820255
-0.0000158836610353318974376
-0.0000156401874846778810024
-0.0000154012741404585540295
-0.0000151669546539778821170
-0.0000149371180668822489679
-0.0000147117289088782854378
-0.0000144903133332263678312
-0.0000142732669701217673719
-0.0000140600432132487185299
-0.0000138511759359971620142
-0.0000136458293127361685038
-0.0000134443953356822021306
-0.0000132466839204425923526
-0.0000130525086206034757197
-0.0000128618939925218001008
-0.0000126747208923916332424
-0.0000124910175145487301052
-0.0000123105191960348747671
-0.0000121334669529460370541
-0.0000119595215437584556639
-0.0000117885656436556018889
-0.0000116208339022705331445
-0.0000114557751658139750361
-0.0000112938405436580069363
-0.0000111349800135940313339
-0.0000109783486550441011786
-0.0000108248323158477433026
-0.0000106739444163395091891
-0.0000105257759059895761311
-0.0000103800566648715175688
-0.0000102368758234661072493
-0.0000100959650808363221586
-0.0000099579146990436129272
-0.0000098216651167604140937
-0.0000096881667559500783682
-0.0000095566419986425898969
-0.0000094276110758073627949
-0.0000093005128292134031653
-0.0000091756510300911031663
-0.0000090528947112034074962
-0.0000089321147243026643991
-0.0000088135393525590188801
-0.0000086967547758831642568
-0.0000085817673607380129397
-0.0000084688826973433606327
-0.0000083578952398966066539
-0.0000082485294115031138062
-0.0000081411581049906089902
-0.0000080353593148174695671
-0.0000079312894740724004805
-0.0000078290322562679648399
-0.0000077283102655201219022
-0.0000076291330515232402831
-0.0000075317275332054123282
-0.0000074357449193485081196
-0.0000073411929406574927270
-0.0000072481557253922801465
-0.0000071568224484508391470
-0.0000070666242208972107619
-0.0000069781126512680202723
-0.0000068909712354070506990
-0.0000068049575929762795568
-0.0000067204032347945030779
-0.0000066373158915666863322
-0.0000065552026171644683927
-0.0000064745740928628947586
-0.0000063951474658097140491
-0.0000063168617998599074781
-0.0000062398303271038457751
-0.0000061639893829124048352
-0.0000060892380133736878633
-0.0000060156198742333799601
-0.0000059431404224596917629
-0.0000058717355386761482805
-0.0000058013401940115727484
-0.0000057321735766890924424
-0.0000056638509704498574138
-0.0000055966993386391550303
-0.0000055303644330706447363
-0.0000054650704441883135587
-0.0000054008205552236177027
-0.0000053374424169305711985
-0.0000052749769565707538277
-0.0000052134291763650253415
-0.0000051528772928577382118
-0.0000050931462283188011497
-0.0000050341323003522120416
-0.0000049761292757466435432
-0.0000049189270612259861082
-0.0000048625634008203633130
-0.0000048069750846480019391
-0.0000047521989472443237901
-0.0000046982054300315212458
-0.0000046448553803202230483
-0.0000045924407459096983075
-0.0000045406777644529938698
-0.0000044896414692630060017
-0.0000044392650124791543931
-0.0000043896970964851789176
-0.0000043408322198956739157
-0.0000042925676098093390465
-0.0000042449782995390705764
-0.0000041980683818110264838
-0.0000041518410398566629738
-0.0000041061557567445561290
-0.0000040611612348584458232
-0.0000040167869883589446545
-0.0000039729666241328231990
-0.0000039298447518376633525
-0.0000038871758079039864242
-0.0000038452126318588852882
-0.0000038036346268199849874
-0.0000037628417430823901668
-0.0000037223326216917484999
-0.0000036826500036113429815
-0.0000036434362300497014076
-0.0000036045523756911279634
-0.0000035663224480231292546
-0.0000035286068396089831367
-0.0000034913359741040039808
-0.0000034545844300737371668
-0.0000034183547086286125705
-0.0000033824337606347398832
-0.0000033471826554887229577
-0.0000033123176308436086401
-0.0000032779125831439159811
-0.0000032439334063383284956
-0.0000032103473586175823584
-0.0000031772990496392594650
-0.0000031445761123904958367
-0.0000031123245207709260285
-0.0000030805458663962781429
-0.0000030490452900266973302
-0.0000030180217436281964183
-0.0000029873881430830806494
-0.0000029571283448603935540
-0.0000029272616757225478068
-0.0000028977369765925686806
-0.0000028685731194855179638
-0.0000028397735150065273046
-0.0000028115175609855214134
-0.0000027833957574330270290
-0.0000027557150588108925149
-0.0000027283858798909932375
-0.0000027013754788640653715
-0.0000026746124603960197419
-0.0000026482794055482372642
-0.0000026222155611321795732
-0.0000025965484837797703221
-0.0000025711533453431911767
-0.0000025460146844125119969
-0.0000025212407308572437614
-0.0000024967985154944472015
-0.0000024725979983486467972
-0.0000024486596430506324396
-0.0000024251103241113014519
-0.0000024017538180487463251
-0.0000023787354166415752843
-0.0000023560021418234100565
-0.0000023334659999818541110
-0.0000023112531835067784414
-0.0000022893123059475328773
-0.0000022675892523693619296
-0.0000022461406388174509630
-0.0000022249664652917999774
-0.0000022040151179680833593
-0.0000021833227492606965825
-0.0000021628552531183231622
-0.0000021426667444757185876
-0.0000021226699118415126577
-0.0000021029002255090745166
-0.0000020833956568822031841
-0.0000020640854927478358150
-0.0000020450602278287988156
-0.0000020261238660168601200
-0.0000020075276552233844995
-0.0000019891119791282108054
-0.0000019709134448930853978
-0.0000019529152268660254776
-0.0000019350998172740219161
-0.0000019175226952938828617
-0.0000019001299733645282686
-0.0000018829059627023525536
-0.0000018659399074749671854
-0.0000018490718503016978502
-0.0000018324642496736487374
-0.0000018160640138376038522
-0.0000017997822396864648908
-0.0000017837631958173005842
-0.0000017677920141068170778
-0.0000017521037989354226738
-0.0000017365729263474349864
-0.0000017212180409842403606
-0.0000017060041272998205386
-0.0000016909503983697504736
-0.0000016760745893407147378
-0.0000016613780644547659904
-0.0000016468796957269660197
-0.0000016324895568686770275
-0.0000016182095805561402813
-0.0000016041467461036518216
-0.0000015902131735856528394
-0.0000015764805993967456743
-0.0000015628783103238674812
-0.0000015493883438466582447
-0.0000015360481029347283766
-0.0000015228395113808801398
-0.0000015098535186552908272
-0.0000014969468793424312025
-0.0000014841558595435344614
-0.0000014715172937940224074
-0.0000014590133332603727467
-0.0000014466452284978004172
-0.0000014344309420266654342
-0.0000014223353446141118184
-0.0000014103408148002927192
-0.0000013984482620799099095
-0.0000013867836514691589400
-0.0000013751141523243859410
-0.0000013636376934300642461
-0.0000013522652579922578298
-0.0000013410146948444889858
-0.0000013299053307491703890
-0.0000013188828233978711069
-0.0000013080023109068861231
-0.0000012972102467756485566
-0.0000012865245935245184228
-0.0000012759461469613597728
-0.0000012654932106670457870
-0.0000012551486179290805012
-0.0000012449122550606261939
-0.0000012347849178695469163
-0.0000012247128324816003442
-0.0000012147687584729283117
-0.0000012049704309902153909
-0.0000011952201930398587137
-0.0000011855537422889028676
-0.0000011760257621062919497
-0.0000011665645160974236205
-0.0000011572245739444042556
-0.0000011479700106065138243
-0.0000011387834319975809194
-0.0000011297194077997119166
-0.0000011207506531718536280
-0.0000011118423799416632392
-0.0000011030391533495276235
-0.0000010943148254227708094
-0.0000010857055485757882707
-0.0000010771308325274731033
-0.0000010686447922125807963
-0.0000010602658448988222517
-0.0000010520031992200529203
-0.0000010437315722811035812
-0.0000010356308166592498310
-0.0000010240754590995493345
-0.0000010082462722493801266
-0.0000009927288147082435898
-0.0000009775117177923675627
-0.0000009625796337786596268
-0.0000009479346658736176323
-0.0000009335698791801405605
-0.0000009194830568048928399
-0.0000009056445833266479895
-0.0000008920791856326104607
-0.0000008787527008280449081
-0.0000008656984959998226259
-0.0000008528643320460105315
-0.0000008402747084801376332
-0.0000008279177450276620220
-0.0000008157817887877172325
-0.0000008038683745326125063
-0.0000007921700557744770776
-0.0000007806885946592956316
-0.0000007694074497521796729
-0.0000007583416845591273159
-0.0000007474700964849034790
-0.0000007367853527284751181
-0.0000007263021188919083215
-0.0000007159859478633734398
-0.0000007058650339786254335
-0.0000006959362508496269584
-0.0000006861467909402563237
-0.0000006765520197404839564
-0.0000006671215260212193243
-0.0000006578609941243485082
-0.0000006487535415544698481
-0.0000006398047389666317031
-0.0000006309978175522701349
-0.0000006223696686902258079
-0.0000006138540697975258809
-0.0000006055104222468798980
-0.0000005972901249151618686
-0.0000005892256922379601747
-0.0000005812820518258376978
-0.0000005734781893806939479
-0.0000005658059194502129685
-0.0000005582571702689165249
-0.0000005508462095349386800
-0.0000005435471734926977661
-0.0000005363604600461258087
-0.0000005293051685839600395
-0.0000005223684524935379159
-0.0000005155330882189446129
-0.0000005088223815619130619
-0.0000005022099571760918479
-0.0000004957055921295250300
-0.0000004893145160167478025
-0.0000004830193915950076189
-0.0000004768208157202025177
-0.0000004707329708253382705
-0.0000004647340574592817575
-0.0000004588245587910932954
-0.0000004530097328370175092
-0.0000004473014030281774467
-0.0000004416640138060756726
-0.0000004361320407042512670
-0.0000004306857022129406687
-0.0000004253098495610174723
-0.0000004200252021746564424
-0.0000004148322432229178958
-0.0000004097001635727792745
-0.0000004046608808039309224
-0.0000003996967166131071281
-0.0000003948038624912442174
-0.0000003899893954439903609
-0.0000003852493364320253022
-0.0000003805773758358554915
-0.0000003759762421395862475
-0.0000003714462764037307352
-0.0000003669834711672592675
-0.0000003625837621257232968
-0.0000003582608485430682776
-0.0000003539906856531160884
-0.0000003497937086649471894
-0.0000003456477770669152960
-0.0000003415669027617695974
-0.0000003375512847014761064
-0.0000003335901510581606999
-0.0000003296860597856721142
-0.0000003258393235228140838
-0.0000003220548308036086382
-0.0000003183216392699250719
-0.0000003146332687720132526
-0.0000003110080797341652215
-0.0000003074329413266241318
-0.0000003039102125512727071
-0.0000003004359427905001212
-0.0000002970124342027702369
-0.0000002936378393769700779
-0.0000002903034612700139405
-0.0000002870275466193561442
-0.0000002837923602783121169
-0.0000002806025918289378751
-0.0000002774540632799471496
-0.0000002743560685303236824
-0.0000002713020137434796197
-0.0000002682854756130836904
-0.0000002653111437211919110
-0.0000002623792738631891552
-0.0000002594900649910414359
-0.0000002566347347965347581
-0.0000002538225771786528639
-0.0000002510491867724340409
-0.0000002483104140083014499
-0.0000002456152969898539595
-0.0000002429484879939991515
-0.0000002403257894911803305
-0.0000002377271641762490617
-0.0000002351776089426493854
-0.0000002326457888557342812
-0.0000002301656252257089363
-0.0000002277147643781063380
-0.0000002252845234806954977
-0.0000002228951530014455784
-0.0000002205379274755614460
-0.0000002182084983815002488
-0.0000002159115268796085729
-0.0000002136471692892882857
-0.0000002114021100396712427
-0.0000002091989159680451849
-0.0000002070198519277255400
-0.0000002048695364464947488
-0.0000002027458378961455310
-0.0000002006467099135988974
-0.0000001985811906024537166
-0.0000001965360070244059898
-0.0000001945202825481828768
-0.0000001925341166497673839
-0.0000001905653306266685831
-0.0000001886263589767622761
-0.0000001867117589426925406
-0.0000001848205215537745971
-0.0000001829538547326592379
-0.0000001811085610370355425
-0.0000001792858199678448727
-0.0000001774858446879079565
-0.0000001757198475615950883
-0.0000001739622348395641893
-0.0000001722321911756807822
-0.0000001705241174931870773
-0.0000001688359674290040857
-0.0000001671632787747512339
-0.0000001655174628467648290
-0.0000001638884725707612233
-0.0000001622842802362356451
-0.0000001606970840839494485
-0.0000001591259177757819998
-0.0000001575775456785777351
-0.0000001560499072184029501
-0.0000001545373748967904248
-0.0000001530412276906645275
-0.0000001515693952569563407
-0.0000001501096136280466453
-0.0000001486709635400984553
-0.0000001472501338639631285
-0.0000001458416249988658819
-0.0000001444533239691736526
-0.0000001430820191217208048
-0.0000001417243282730851206
-0.0000001403837899260906852
-0.0000001390604040807374986
-0.0000001377509448730052100
-0.0000001364576718287935364
-0.0000001351784533198951976
-0.0000001339166715297324117
-0.0000001326668694900945411
-0.0000001314312640943171573
-0.0000001302122285551376990
-0.0000001290053432967397384
-0.0000001278162642392999260
-0.0000001266327416260537575
-0.0000001254704784514615312
-0.0000001243194986955131753
-0.0000001231820903058178374
-0.0000001220572016791265924
-0.0000001209437385796263698
-0.0000001198451684558676789
-0.0000001187581233352830168
-0.0000001176816226688970346
-0.0000001166212442171854491
-0.0000001155669906438561156
-0.0000001145290156046030461
-0.0000001135040008648502408
-0.0000001124863899804040557
-0.0000001114851997385812865
-0.0000001104870008816760674
-0.0000001095064874334639171
-0.0000001085358078967146866
-0.0000001075761275615150225
-0.0000001066252579562387837
-0.0000001056843998981094046
-0.0000001047546618337946711
-0.0000001038361290284228744
-0.0000001029299809829353762
-0.0000001020305973042923142
-0.0000001011380987847587676
-0.0000001002591716314782389
-0.0000000993883233491033025
-0.0000000985300374622966046
-0.0000000976798943952417176
-0.0000000968367714904161403
-0.0000000960030064334205235
-0.0000000951774694613050087
-0.0000000943658449159556767
-0.0000000935591799589019502
-0.0000000927597412214709038
-0.0000000919698308621264005
-0.0000000911883333287732967
-0.0000000904153267811125261
-0.0000000896519338766665896
-0.0000000888959590383819886
-0.0000000881463009250182949
-0.0000000874030163799943693
-0.0000000866739782168224338
-0.0000000859446345202741213
-0.0000000852273558393790154
-0.0000000845165786245161144
-0.0000000838134184277805616
-0.0000000831190831718231493
-0.0000000824301764623669442
-0.0000000817501444316803827
-0.0000000810756404234780348
-0.0000000804077870952824014
-0.0000000797466341850849858
-0.0000000790933256666903617
-0.0000000784467886205675313
-0.0000000778070159412891371
-0.0000000771740573668466823
-0.0000000765445520301000215
-0.0000000759230474045580195
-0.0000000753106519368884619
-0.0000000747012620649911696
-0.0000000740971088930564292
-0.0000000735016101316432469
-0.0000000729102822560889763
-0.0000000723265358715252660
-0.0000000717481256629071140
-0.0000000711739644998488075
-0.0000000706074629874819948
-0.0000000700469158232408518
-0.0000000694901487463539524
-0.0000000689399470843454765
-0.0000000683946765889231756
-0.0000000678565967859867669
-0.0000000673206770329670690
-0.0000000667902995132862998
-0.0000000662666153061763907
-0.0000000657501999512533075
-0.0000000652332232675689738
-0.0000000647269260412031144
-0.0000000640047161937218334
-0.0000000630153920155862579
-0.0000000620455509192652244
-0.0000000610944823620229727
-0.0000000601612271111662267
-0.0000000592459166171011020
-0.0000000583481174487587850
-0.0000000574676910503058025
-0.0000000566027864579154993
-0.0000000557549491020381538
-0.0000000549220438017528068
-0.0000000541061559999889141
-0.0000000533040207528756582
-0.0000000525171692800086021
-0.0000000517448590642288764
-0.0000000509863617992323270
-0.0000000502417734082882816
-0.0000000495106284859048174
-0.0000000487930371662059770
-0.0000000480879656095112296
-0.0000000473963552849454572
-0.0000000467168810303064674
-0.0000000460490845455296949
-0.0000000453938824307442701
-0.0000000447491217414608400
-0.0000000441165646236640896
-0.0000000434960156781016849
-0.0000000428841744337660202
-0.0000000422845012337802473
-0.0000000416950953763262078
-0.0000000411163121327717818
-0.0000000405470963471543655
-0.0000000399877961854144814
-0.0000000394373635970168834
-0.0000000388981042931391130
-0.0000000383658793623453676
-0.0000000378444013904299936
-0.0000000373306328071976168
-0.0000000368266057648725109
-0.0000000363301282391148561
-0.0000000358423868362933717
-0.0000000353628699656383105
-0.0000000348910731418072828
-0.0000000344278880959336675
-0.0000000339716983432936104
-0.0000000335225287528828630
-0.0000000330815730364975025
-0.0000000326480282808461197
-0.0000000322208180136840383
-0.0000000318013988476195664
-0.0000000313881223235057405
-0.0000000309815995080953144
-0.0000000305821572510467377
-0.0000000301887119746879762
-0.0000000298013009825126574
-0.0000000294208106765836419
-0.0000000290458785912051098
-0.0000000286765349244433310
-0.0000000283131083023135943
-0.0000000279563376892610904
-0.0000000276040008628797295
-0.0000000272582525440157042
-0.0000000269178563883087918
-0.0000000265818655975635920
-0.0000000262515751359160276
-0.0000000259270152014323685
-0.0000000256062602232987047
-0.0000000252913050502456827
-0.0000000249810447883191955
-0.0000000246752414057027636
-0.0000000243743372152493976
-0.0000000240780835270015814
-0.0000000237860859897409682
-0.0000000234985151337241405
-0.0000000232153922752331709
-0.0000000229364669479537042
-0.0000000226614851328577060
-0.0000000223913030339417674
-0.0000000221244178533197555
-0.0000000218621067915591993
-0.0000000216029860666822060
-0.0000000213479314226105998
-0.0000000210969552938422567
-0.0000000208493844411350437
-0.0000000206053787366045071
-0.0000000203649577201758802
-0.0000000201284269252255399
-0.0000000198951024543703170
-0.0000000196645792982508283
-0.0000000194380049833853263
-0.0000000192145588329140082
-0.0000000189943882844545442
-0.0000000187772464244062576
-0.0000000185632771376731398
-0.0000000183523649610606299
-0.0000000181439663293758713
-0.0000000179392216637097590
-0.0000000177370225173945073
-0.0000000175376619893086172
-0.0000000173408789549966968
-0.0000000171472542831452301
-0.0000000169563758589674762
-0.0000000167678422258177307
-0.0000000165819464825744944
-0.0000000163987046164493222
-0.0000000162181290619400897
-0.0000000160396709247834224
-0.0000000158639110736658040
-0.0000000156905741732771276
-0.0000000155194008755188406
-0.0000000153509560618658725
-0.0000000151842804996249470
-0.0000000150203618431987707
-0.0000000148579477610155664
-0.0000000146986005589155866
-0.0000000145403618034833926
-0.0000000143853515766068085
-0.0000000142321727736316461
-0.0000000140802827175434686
-0.0000000139309470625903487
-0.0000000137836204672225904
-0.0000000136380311488437655
-0.0000000134944704299755358
-0.0000000133529480805805179
-0.0000000132126318774794527
-0.0000000130749322480028241
-0.0000000129387407454828463
-0.0000000128043460279059218
-0.0000000126716148685090957
-0.0000000125404193695999311
-0.0000000124113244126533573
-0.0000000122835004390253744
-0.0000000121575176592614298
-0.0000000120333822906104615
-0.0000000119103331641667864
-0.0000000117891474360476423
-0.0000000116694849339182838
-0.0000000115512825971109123
-0.0000000114346159207912024
-0.0000000113192850648147214
-0.0000000112053637479903045
-0.0000000110928652929942473
-0.0000000109824904725996930
-0.0000000108726396774727618
-0.0000000107645119484800489
-0.0000000106577573433241923
-0.0000000105522479643127554
-0.0000000104477049234219521
-0.0000000103448414279228018
-0.0000000102430295356725765
-0.0000000101427675147647278
-0.0000000100435677552468405
-0.0000000099453698609863750
-0.0000000098485966049111084
-0.0000000097531192011501844
-0.0000000096585859310494016
-0.0000000095650767306665330
-0.0000000094730872035597713
-0.0000000093818508517529153
-0.0000000092919352212561535
-0.0000000092031333664976955
-0.0000000091151015624291176
-0.0000000090283327480733533
-0.0000000089426261951075503
-0.0000000088577705170678200
-0.0000000087739868703806678
-0.0000000086912752550460937
-0.0000000086094340545628256
-0.0000000085286044892995960
-0.0000000084486533324934499
-0.0000000083697919706082757
-0.0000000082916793431309088
-0.0000000082144540058948223
-0.0000000081382642846961062
-0.0000000080628339560462337
-0.0000000079885165149562454
-0.0000000079145463516283598
-0.0000000078419049032163457
-0.0000000077699686684695735
-0.0000000076988806441136148
-0.0000000076285751049454120
-0.0000000075589836612266481
-0.0000000074903230284917299
-0.0000000074223827084551885
-0.0000000073551014168060647
-0.0000000072888277635740906
-0.0000000072229369152410072
-0.0000000071580634752876904
-0.0000000070940000540531400
-0.0000000070303993737752535
-0.0000000069678249836613304
-0.0000000069054375551047542
-0.0000000068441554645914948
-0.0000000067834879935446679
-0.0000000067235079725946889
-0.0000000066640786222649240
-0.0000000066052749936318378
-0.0000000065471663646121669
-0.0000000064897580642764296
-0.0000000064331238114334610
-0.0000000063769123315182696
-0.0000000063211311740474230
-0.0000000062661982269673899
-0.0000000062117702093189564
-0.0000000061581273413935378
-0.0000000061049933997026073
-0.0000000060522982181510088
-0.0000000060001879020887827
-0.0000000059485918413315630
-0.0000000058978653072472298
-0.0000000058474487474313719
-0.0000000057974838263419315
-0.0000000057481144288829000
-0.0000000056992708330483310
-0.0000000056509579238195329
-0.0000000056032458672916619
-0.0000000055559974398988743
-0.0000000055091438078136434
-0.0000000054626885237496481
-0.0000000054171236385514021
-0.0000000053715396575171326
-0.0000000053267097399611885
-0.0000000052822861640322571
-0.0000000052383386517362851
-0.0000000051949426982389468
-0.0000000051518860288979340
-0.0000000051093840269800239
-0.0000000050672275264673772
-0.0000000050254866934551501
-0.0000000049841646365678116
-0.0000000049433328541681476
-0.0000000049029242887854707
-0.0000000048629384963305711
-0.0000000048233785854279176
-0.0000000047840345018812513
-0.0000000047451904627848762
-0.0000000047069157460555289
-0.0000000046688288790619481
-0.0000000046310693058160268
-0.0000000045938506332277029
-0.0000000045568926410055610
-0.0000000045204084919703291
-0.0000000044842578539316946
-0.0000000044483727812405505
-0.0000000044129664367176247
-0.0000000043779322389525532
-0.0000000043431342966471220
-0.0000000043087466927715923
-0.0000000042746672868076985
-0.0000000042410372991241729
-0.0000000042075423145604418
-0.0000000041743937195803937
-0.0000000041416634566360244
-0.0000000041093874969533317
-0.0000000040770764542230609
-0.0000000040454328775751947
