-36696297472.0000000000000000000000000
-35988869120.0000000000000000000000000
-35297751040.0000000000000000000000000
-34622410752.0000000000000000000000000
-33963280384.0000000000000000000000000
-33318344704.0000000000000000000000000
-32688687104.0000000000000000000000000
-32072941568.0000000000000000000000000
-31471042560.0000000000000000000000000
-30882762752.0000000000000000000000000
-30307045376.0000000000000000000000000
-29744793600.0000000000000000000000000
-29195116544.0000000000000000000000000
-28657287168.0000000000000000000000000
-28131213312.0000000000000000000000000
-27617472512.0000000000000000000000000
-27114186752.0000000000000000000000000
-26621587456.0000000000000000000000000
-26140235776.0000000000000000000000000
-25668896768.0000000000000000000000000
-25208211456.0000000000000000000000000
-24756938752.0000000000000000000000000
-24315713536.0000000000000000000000000
-23883868160.0000000000000000000000000
-23460810752.0000000000000000000000000
-23046920192.0000000000000000000000000
-22642096128.0000000000000000000000000
-22245335040.0000000000000000000000000
-21856849920.0000000000000000000000000
-21477021696.0000000000000000000000000
-21104273408.0000000000000000000000000
-20740278272.0000000000000000000000000
-20383133696.0000000000000000000000000
-20033212416.0000000000000000000000000
-19690721280.0000000000000000000000000
-19355136000.0000000000000000000000000
-19026499584.0000000000000000000000000
-18704523264.0000000000000000000000000
-18389334016.0000000000000000000000000
-18079995904.0000000000000000000000000
-17777354752.0000000000000000000000000
-17480155136.0000000000000000000000000
-17189400576.0000000000000000000000000
-16904315904.0000000000000000000000000
-16624860160.0000000000000000000000000
-16350651392.0000000000000000000000000
-16082215936.0000000000000000000000000
-15819173888.0000000000000000000000000
-15560751104.0000000000000000000000000
-15307701248.0000000000000000000000000
-15059731456.0000000000000000000000000
-14816381952.0000000000000000000000000
-14577846272.0000000000000000000000000
-14343578624.0000000000000000000000000
-14114256896.0000000000000000000000000
-13889012736.0000000000000000000000000
-13668277248.0000000000000000000000000
-13451587584.0000000000000000000000000
-13238807552.0000000000000000000000000
-13030441984.0000000000000000000000000
-12825787392.0000000000000000000000000
-12625025024.0000000000000000000000000
-12428097536.0000000000000000000000000
-12234780672.0000000000000000000000000
-12045012992.0000000000000000000000000
-11858976768.0000000000000000000000000
-11676368896.0000000000000000000000000
-11496639488.0000000000000000000000000
-11320697856.0000000000000000000000000
-11147667456.0000000000000000000000000
-10978016256.0000000000000000000000000
-10811395072.0000000000000000000000000
-10647697408.0000000000000000000000000
-10487183360.0000000000000000000000000
-10329545728.0000000000000000000000000
-10174513152.0000000000000000000000000
-10022427648.0000000000000000000000000
-9873059840.0000000000000000000000000
-9726302208.0000000000000000000000000
-9582371840.0000000000000000000000000
-9440713728.0000000000000000000000000
-9301707776.0000000000000000000000000
-9164918784.0000000000000000000000000
-9030766592.0000000000000000000000000
-8898857984.0000000000000000000000000
-8769448960.0000000000000000000000000
-8642063360.0000000000000000000000000
-8516874752.0000000000000000000000000
-8393977344.0000000000000000000000000
-8273218560.0000000000000000000000000
-8154527744.0000000000000000000000000
-8037876736.0000000000000000000000000
-7923193856.0000000000000000000000000
-7810528768.0000000000000000000000000
-7699729408.0000000000000000000000000
-7590725632.0000000000000000000000000
-7483728896.0000000000000000000000000
-7378423808.0000000000000000000000000
-7274738176.0000000000000000000000000
-7173126656.0000000000000000000000000
-7073111040.0000000000000000000000000
-6974660096.0000000000000000000000000
-6877903872.0000000000000000000000000
-6782888448.0000000000000000000000000
-6689220608.0000000000000000000000000
-6597269504.0000000000000000000000000
-6506677248.0000000000000000000000000
-6417576448.0000000000000000000000000
-6330011136.0000000000000000000000000
-6243868160.0000000000000000000000000
-6159275520.0000000000000000000000000
-6075876864.0000000000000000000000000
-5993920512.0000000000000000000000000
-5913126912.0000000000000000000000000
-5833831424.0000000000000000000000000
-5755591168.0000000000000000000000000
-5678737920.0000000000000000000000000
-5603234304.0000000000000000000000000
-5528846848.0000000000000000000000000
-5455538176.0000000000000000000000000
-5383435264.0000000000000000000000000
-5312545280.0000000000000000000000000
-5242709504.0000000000000000000000000
-5173934592.0000000000000000000000000
-5106345984.0000000000000000000000000
-5039706112.0000000000000000000000000
-4974221312.0000000000000000000000000
-4909697024.0000000000000000000000000
-4846175744.0000000000000000000000000
-4783540224.0000000000000000000000000
-4722078720.0000000000000000000000000
-4661392896.0000000000000000000000000
-4601726464.0000000000000000000000000
-4542964224.0000000000000000000000000
-4485049344.0000000000000000000000000
-4428006400.0000000000000000000000000
-4371939328.0000000000000000000000000
-4316711936.0000000000000000000000000
-4262164736.0000000000000000000000000
-4208585472.0000000000000000000000000
-4155773952.0000000000000000000000000
-4103695872.0000000000000000000000000
-4052534016.0000000000000000000000000
-4001970176.0000000000000000000000000
-3952250112.0000000000000000000000000
-3903214080.0000000000000000000000000
-3855008512.0000000000000000000000000
-3807533312.0000000000000000000000000
-3760712448.0000000000000000000000000
-3714508032.0000000000000000000000000
-3669024256.0000000000000000000000000
-3624263168.0000000000000000000000000
-3580046848.0000000000000000000000000
-3536578816.0000000000000000000000000
-3493722112.0000000000000000000000000
-3451477248.0000000000000000000000000
-3409849344.0000000000000000000000000
-3368818432.0000000000000000000000000
-3328327680.0000000000000000000000000
-3288480768.0000000000000000000000000
-3249198336.0000000000000000000000000
-3210402560.0000000000000000000000000
-3172276992.0000000000000000000000000
-3134643200.0000000000000000000000000
-3097583360.0000000000000000000000000
-3060938240.0000000000000000000000000
-3024932352.0000000000000000000000000
-2989345280.0000000000000000000000000
-2954341632.0000000000000000000000000
-2919720448.0000000000000000000000000
-2885645056.0000000000000000000000000
-2852037376.0000000000000000000000000
-2818858752.0000000000000000000000000
-2786293248.0000000000000000000000000
-2754079488.0000000000000000000000000
-2722279936.0000000000000000000000000
-2690937600.0000000000000000000000000
-2660073216.0000000000000000000000000
-2629568000.0000000000000000000000000
-2599504128.0000000000000000000000000
-2569883904.0000000000000000000000000
-2540586752.0000000000000000000000000
-2511756800.0000000000000000000000000
-2483354112.0000000000000000000000000
-2455300352.0000000000000000000000000
-2427596288.0000000000000000000000000
-2400244224.0000000000000000000000000
-2373346048.0000000000000000000000000
-2346802432.0000000000000000000000000
-2320513024.0000000000000000000000000
-2294662144.0000000000000000000000000
-2269088512.0000000000000000000000000
-2243956480.0000000000000000000000000
-2219104512.0000000000000000000000000
-2194574336.0000000000000000000000000
-2170408192.0000000000000000000000000
-2146485760.0000000000000000000000000
-2122909440.0000000000000000000000000
-2099660160.0000000000000000000000000
-2076739072.0000000000000000000000000
-2054086528.0000000000000000000000000
-2031704192.0000000000000000000000000
-2009673728.0000000000000000000000000
-1987874816.0000000000000000000000000
-1966409344.0000000000000000000000000
-1945138048.0000000000000000000000000
-1924222592.0000000000000000000000000
-1903543040.0000000000000000000000000
-1883130496.0000000000000000000000000
-1863016832.0000000000000000000000000
-1843162240.0000000000000000000000000
-1823486720.0000000000000000000000000
-1804102528.0000000000000000000000000
-1785000320.0000000000000000000000000
-1766100480.0000000000000000000000000
-1747444096.0000000000000000000000000
-1729032192.0000000000000000000000000
-1710825088.0000000000000000000000000
-1692854016.0000000000000000000000000
-1675160064.0000000000000000000000000
-1657623168.0000000000000000000000000
-1640375168.0000000000000000000000000
-1623275648.0000000000000000000000000
-1606415744.0000000000000000000000000
-1589797120.0000000000000000000000000
-1573318656.0000000000000000000000000
-1557092864.0000000000000000000000000
-1541069824.0000000000000000000000000
-1525229568.0000000000000000000000000
-1509532928.0000000000000000000000000
-1494142080.0000000000000000000000000
-1478865792.0000000000000000000000000
-1463795712.0000000000000000000000000
-1448901760.0000000000000000000000000
-1434174976.0000000000000000000000000
-1419636096.0000000000000000000000000
-1405285632.0000000000000000000000000
-1391094144.0000000000000000000000000
-1377092096.0000000000000000000000000
-1363250304.0000000000000000000000000
-1349558656.0000000000000000000000000
-1336099328.0000000000000000000000000
-1322710656.0000000000000000000000000
-1309514624.0000000000000000000000000
-1296491776.0000000000000000000000000
-1283631872.0000000000000000000000000
-1270875520.0000000000000000000000000
-1258364544.0000000000000000000000000
-1245897344.0000000000000000000000000
-1233615616.0000000000000000000000000
-1221490048.0000000000000000000000000
-1209510656.0000000000000000000000000
-1197637632.0000000000000000000000000
-1185972608.0000000000000000000000000
-1174384512.0000000000000000000000000
-1162944640.0000000000000000000000000
-1146759296.0000000000000000000000000
-1124652160.0000000000000000000000000
-1103054720.0000000000000000000000000
-1081950336.0000000000000000000000000
-1061352512.0000000000000000000000000
-1041198272.0000000000000000000000000
-1021521472.0000000000000000000000000
-1002279424.0000000000000000000000000
-983470080.0000000000000000000000000
-965086336.0000000000000000000000000
-947095168.0000000000000000000000000
-929524800.0000000000000000000000000
-912347392.0000000000000000000000000
-895540224.0000000000000000000000000
-879100416.0000000000000000000000000
-863046016.0000000000000000000000000
-847318336.0000000000000000000000000
-831924608.0000000000000000000000000
-816882368.0000000000000000000000000
-802153024.0000000000000000000000000
-787756608.0000000000000000000000000
-773654336.0000000000000000000000000
-759866048.0000000000000000000000000
-746370880.0000000000000000000000000
-733150336.0000000000000000000000000
-720216256.0000000000000000000000000
-707565504.0000000000000000000000000
-695166720.0000000000000000000000000
-683026560.0000000000000000000000000
-671156928.0000000000000000000000000
-659508544.0000000000000000000000000
-648133696.0000000000000000000000000
-636972928.0000000000000000000000000
-626037888.0000000000000000000000000
-615335040.0000000000000000000000000
-604848000.0000000000000000000000000
-594578112.0000000000000000000000000
-584516352.0000000000000000000000000
-574666688.0000000000000000000000000
-564999872.0000000000000000000000000
-555542336.0000000000000000000000000
-546254848.0000000000000000000000000
-537168768.0000000000000000000000000
-528259872.0000000000000000000000000
-519526880.0000000000000000000000000
-510957856.0000000000000000000000000
-502569248.0000000000000000000000000
-494349184.0000000000000000000000000
-486273472.0000000000000000000000000
-478365664.0000000000000000000000000
-470616608.0000000000000000000000000
-463011936.0000000000000000000000000
-455557696.0000000000000000000000000
-448236832.0000000000000000000000000
-441070528.0000000000000000000000000
-434031648.0000000000000000000000000
-427133664.0000000000000000000000000
-420362112.0000000000000000000000000
-413712736.0000000000000000000000000
-407201312.0000000000000000000000000
-400805856.0000000000000000000000000
-394532032.0000000000000000000000000
-388378048.0000000000000000000000000
-382336896.0000000000000000000000000
-376406656.0000000000000000000000000
-370593024.0000000000000000000000000
-364886528.0000000000000000000000000
-359269984.0000000000000000000000000
-353771808.0000000000000000000000000
-348364608.0000000000000000000000000
-343063008.0000000000000000000000000
-337856096.0000000000000000000000000
-332740544.0000000000000000000000000
-327724480.0000000000000000000000000
-322798304.0000000000000000000000000
-317953536.0000000000000000000000000
-313200864.0000000000000000000000000
-308533120.0000000000000000000000000
-303946944.0000000000000000000000000
-299449120.0000000000000000000000000
-295022304.0000000000000000000000000
-290678368.0000000000000000000000000
-286403712.0000000000000000000000000
-282211456.0000000000000000000000000
-278089312.0000000000000000000000000
-274045280.0000000000000000000000000
-270064480.0000000000000000000000000
-266152336.0000000000000000000000000
-262311792.0000000000000000000000000
-258538080.0000000000000000000000000
-254828992.0000000000000000000000000
-251183648.0000000000000000000000000
-247599808.0000000000000000000000000
-244079024.0000000000000000000000000
-240616544.0000000000000000000000000
-237210176.0000000000000000000000000
-233866528.0000000000000000000000000
-230575744.0000000000000000000000000
-227335568.0000000000000000000000000
-224160208.0000000000000000000000000
-221034720.0000000000000000000000000
-217958128.0000000000000000000000000
-214934496.0000000000000000000000000
-211965264.0000000000000000000000000
-209038144.0000000000000000000000000
-206164672.0000000000000000000000000
-203333664.0000000000000000000000000
-200549264.0000000000000000000000000
-197812848.0000000000000000000000000
-195120880.0000000000000000000000000
-192477360.0000000000000000000000000
-189871152.0000000000000000000000000
-187310016.0000000000000000000000000
-184785216.0000000000000000000000000
-182307232.0000000000000000000000000
-179862224.0000000000000000000000000
-177460560.0000000000000000000000000
-175101072.0000000000000000000000000
-172776464.0000000000000000000000000
-170485568.0000000000000000000000000
-168232352.0000000000000000000000000
-166017040.0000000000000000000000000
-163834672.0000000000000000000000000
-161685456.0000000000000000000000000
-159573312.0000000000000000000000000
-157490816.0000000000000000000000000
-155444416.0000000000000000000000000
-153428032.0000000000000000000000000
-151442992.0000000000000000000000000
-149485632.0000000000000000000000000
-147564960.0000000000000000000000000
-145668528.0000000000000000000000000
-143803952.0000000000000000000000000
-141967632.0000000000000000000000000
-140157792.0000000000000000000000000
-138375200.0000000000000000000000000
-136623104.0000000000000000000000000
-134897248.0000000000000000000000000
-133192648.0000000000000000000000000
-131518296.0000000000000000000000000
-129867936.0000000000000000000000000
-128240496.0000000000000000000000000
-126641688.0000000000000000000000000
-125061568.0000000000000000000000000
-123507816.0000000000000000000000000
-121975440.0000000000000000000000000
-120469016.0000000000000000000000000
-118985416.0000000000000000000000000
-117522264.0000000000000000000000000
-116078376.0000000000000000000000000
-114657008.0000000000000000000000000
-113258224.0000000000000000000000000
-111876464.0000000000000000000000000
-110518088.0000000000000000000000000
-109178816.0000000000000000000000000
-107858664.0000000000000000000000000
-106557792.0000000000000000000000000
-105275576.0000000000000000000000000
-104010240.0000000000000000000000000
-102765024.0000000000000000000000000
-101537448.0000000000000000000000000
-100325080.0000000000000000000000000
-99133656.0000000000000000000000000
-97957600.0000000000000000000000000
-96799480.0000000000000000000000000
-95654320.0000000000000000000000000
-94529136.0000000000000000000000000
-93417040.0000000000000000000000000
-92323176.0000000000000000000000000
-91241264.0000000000000000000000000
-90176408.0000000000000000000000000
-89126168.0000000000000000000000000
-88089336.0000000000000000000000000
-87071664.0000000000000000000000000
-86064984.0000000000000000000000000
-85071248.0000000000000000000000000
-84091800.0000000000000000000000000
-83127288.0000000000000000000000000
-82174000.0000000000000000000000000
-81234504.0000000000000000000000000
-80308872.0000000000000000000000000
-79393336.0000000000000000000000000
-78492400.0000000000000000000000000
-77604816.0000000000000000000000000
-76728136.0000000000000000000000000
-75862384.0000000000000000000000000
-75007632.0000000000000000000000000
-74167064.0000000000000000000000000
-73337576.0000000000000000000000000
-72516032.0000000000000000000000000
-71708192.0000000000000000000000000
-70909016.0000000000000000000000000
-70123640.0000000000000000000000000
-69347016.0000000000000000000000000
-68580448.0000000000000000000000000
-67825256.0000000000000000000000000
-67077680.0000000000000000000000000
-66340920.0000000000000000000000000
-65614380.0000000000000000000000000
-64898096.0000000000000000000000000
-64190204.0000000000000000000000000
-63490756.0000000000000000000000000
-62802304.0000000000000000000000000
-62121088.0000000000000000000000000
-61450292.0000000000000000000000000
-60785564.0000000000000000000000000
-60131956.0000000000000000000000000
-59485720.0000000000000000000000000
-58847828.0000000000000000000000000
-58219276.0000000000000000000000000
-57598820.0000000000000000000000000
-56983960.0000000000000000000000000
-56378204.0000000000000000000000000
-55781260.0000000000000000000000000
-55190640.0000000000000000000000000
-54607628.0000000000000000000000000
-54032256.0000000000000000000000000
-53463284.0000000000000000000000000
-52901688.0000000000000000000000000
-52348752.0000000000000000000000000
-51800724.0000000000000000000000000
-51261724.0000000000000000000000000
-50727364.0000000000000000000000000
-50200492.0000000000000000000000000
-49681160.0000000000000000000000000
-49166208.0000000000000000000000000
-48659152.0000000000000000000000000
-48158432.0000000000000000000000000
-47663424.0000000000000000000000000
-47172904.0000000000000000000000000
-46691940.0000000000000000000000000
-46214556.0000000000000000000000000
-45743616.0000000000000000000000000
-45278180.0000000000000000000000000
-44817968.0000000000000000000000000
-44363628.0000000000000000000000000
-43915176.0000000000000000000000000
-43471692.0000000000000000000000000
-43034128.0000000000000000000000000
-42601572.0000000000000000000000000
-42173708.0000000000000000000000000
-41753104.0000000000000000000000000
-41334708.0000000000000000000000000
-40922332.0000000000000000000000000
-40515368.0000000000000000000000000
-40113496.0000000000000000000000000
-39714860.0000000000000000000000000
-39323892.0000000000000000000000000
-38934292.0000000000000000000000000
-38550488.0000000000000000000000000
-38171564.0000000000000000000000000
-37797208.0000000000000000000000000
-37426176.0000000000000000000000000
-37061644.0000000000000000000000000
-36699516.0000000000000000000000000
-36342020.0000000000000000000000000
-35836228.0000000000000000000000000
-35145380.0000000000000000000000000
-34470460.0000000000000000000000000
-33810948.0000000000000000000000000
-33167266.0000000000000000000000000
-32537446.0000000000000000000000000
-31922546.0000000000000000000000000
-31321232.0000000000000000000000000
-30733440.0000000000000000000000000
-30158948.0000000000000000000000000
-29596724.0000000000000000000000000
-29047650.0000000000000000000000000
-28510856.0000000000000000000000000
-27985632.0000000000000000000000000
-27471888.0000000000000000000000000
-26970188.0000000000000000000000000
-26478698.0000000000000000000000000
-25997644.0000000000000000000000000
-25527574.0000000000000000000000000
-25067282.0000000000000000000000000
-24617394.0000000000000000000000000
-24176698.0000000000000000000000000
-23745814.0000000000000000000000000
-23324090.0000000000000000000000000
-22910948.0000000000000000000000000
-22506758.0000000000000000000000000
-22111422.0000000000000000000000000
-21723960.0000000000000000000000000
-21344580.0000000000000000000000000
-20973654.0000000000000000000000000
-20609642.0000000000000000000000000
-20254178.0000000000000000000000000
-19905404.0000000000000000000000000
-19563684.0000000000000000000000000
-19229220.0000000000000000000000000
-18901500.0000000000000000000000000
-18580566.0000000000000000000000000
-18266136.0000000000000000000000000
-17958334.0000000000000000000000000
-17656246.0000000000000000000000000
-17360698.0000000000000000000000000
-17070464.0000000000000000000000000
-16786524.0000000000000000000000000
-16508121.0000000000000000000000000
-16235215.0000000000000000000000000
-15967433.0000000000000000000000000
-15705289.0000000000000000000000000
-15448412.0000000000000000000000000
-15196046.0000000000000000000000000
-14948927.0000000000000000000000000
-14706769.0000000000000000000000000
-14469123.0000000000000000000000000
-14236178.0000000000000000000000000
-14007401.0000000000000000000000000
-13783454.0000000000000000000000000
-13563489.0000000000000000000000000
-13347927.0000000000000000000000000
-13136316.0000000000000000000000000
-12928523.0000000000000000000000000
-12725041.0000000000000000000000000
-12525183.0000000000000000000000000
-12329126.0000000000000000000000000
-12136814.0000000000000000000000000
-11948028.0000000000000000000000000
-11762708.0000000000000000000000000
-11581032.0000000000000000000000000
-11402704.0000000000000000000000000
-11227187.0000000000000000000000000
-11055369.0000000000000000000000000
-10886394.0000000000000000000000000
-10720719.0000000000000000000000000
-10558003.0000000000000000000000000
-10398142.0000000000000000000000000
-10241390.0000000000000000000000000
-10087447.0000000000000000000000000
-9936048.0000000000000000000000000
-9787527.0000000000000000000000000
-9641660.0000000000000000000000000
-9498342.0000000000000000000000000
-9357785.0000000000000000000000000
-9219447.0000000000000000000000000
-9083699.0000000000000000000000000
-8950116.0000000000000000000000000
-8819108.0000000000000000000000000
-8690291.0000000000000000000000000
-8563915.0000000000000000000000000
-8439515.0000000000000000000000000
-8317260.5000000000000000000000000
-8197243.5000000000000000000000000
-8079315.0000000000000000000000000
-7963406.0000000000000000000000000
-7849489.0000000000000000000000000
-7737494.0000000000000000000000000
-7627469.5000000000000000000000000
-7519267.0000000000000000000000000
-7412818.0000000000000000000000000
-7308329.0000000000000000000000000
-7205492.0000000000000000000000000
-7104236.5000000000000000000000000
-7005006.5000000000000000000000000
-6907335.0000000000000000000000000
-6811191.5000000000000000000000000
-6716703.0000000000000000000000000
-6623914.5000000000000000000000000
-6532442.0000000000000000000000000
-6442646.0000000000000000000000000
-6354177.0000000000000000000000000
-6267164.5000000000000000000000000
-6181651.5000000000000000000000000
-6097527.5000000000000000000000000
-6014917.5000000000000000000000000
-5933473.5000000000000000000000000
-5853438.0000000000000000000000000
-5774538.0000000000000000000000000
-5697101.0000000000000000000000000
-5620694.5000000000000000000000000
-5545642.5000000000000000000000000
-5471908.5000000000000000000000000
-5399264.5000000000000000000000000
-5327674.0000000000000000000000000
-5257261.0000000000000000000000000
-5188032.5000000000000000000000000
-5119833.5000000000000000000000000
-5052670.5000000000000000000000000
-4986666.0000000000000000000000000
-4921588.0000000000000000000000000
-4857638.0000000000000000000000000
-4794626.0000000000000000000000000
-4732593.5000000000000000000000000
-4671426.0000000000000000000000000
-4611405.0000000000000000000000000
-4552141.5000000000000000000000000
-4493873.5000000000000000000000000
-4436488.5000000000000000000000000
-4379931.0000000000000000000000000
-4324225.0000000000000000000000000
-4269472.0000000000000000000000000
-4215539.0000000000000000000000000
-4162270.2500000000000000000000000
-4109946.7500000000000000000000000
-4058373.0000000000000000000000000
-4007515.5000000000000000000000000
-3957552.7500000000000000000000000
-3908174.0000000000000000000000000
-3859619.2500000000000000000000000
-3811732.5000000000000000000000000
-3764656.7500000000000000000000000
-3718294.2500000000000000000000000
-3672570.7500000000000000000000000
-3627449.2500000000000000000000000
-3583031.5000000000000000000000000
-3539319.5000000000000000000000000
-3496139.5000000000000000000000000
-3453690.2500000000000000000000000
-3411838.0000000000000000000000000
-3370583.2500000000000000000000000
-3329931.0000000000000000000000000
-3289861.7500000000000000000000000
-3250320.0000000000000000000000000
-3211407.0000000000000000000000000
-3173045.2500000000000000000000000
-3135158.7500000000000000000000000
-3097926.7500000000000000000000000
-3061175.0000000000000000000000000
-3024983.7500000000000000000000000
-2989197.5000000000000000000000000
-2954035.5000000000000000000000000
-2919282.5000000000000000000000000
-2885099.2500000000000000000000000
-2851289.5000000000000000000000000
-2818012.7500000000000000000000000
-2785192.7500000000000000000000000
-2752791.7500000000000000000000000
-2720989.5000000000000000000000000
-2689530.7500000000000000000000000
-2658476.5000000000000000000000000
-2627868.7500000000000000000000000
-2597727.7500000000000000000000000
-2567937.5000000000000000000000000
-2538578.2500000000000000000000000
-2509652.2500000000000000000000000
-2481041.7500000000000000000000000
-2452887.5000000000000000000000000
-2425150.5000000000000000000000000
-2397754.2500000000000000000000000
-2370699.5000000000000000000000000
-2343988.5000000000000000000000000
-2317720.7500000000000000000000000
-2291799.2500000000000000000000000
-2266126.0000000000000000000000000
-2240881.0000000000000000000000000
-2215906.7500000000000000000000000
-2191363.7500000000000000000000000
-2167094.2500000000000000000000000
-2143139.0000000000000000000000000
-2119539.2500000000000000000000000
-2096177.5000000000000000000000000
-2073153.7500000000000000000000000
-2050449.3750000000000000000000000
-2028065.5000000000000000000000000
-2005943.8750000000000000000000000
-1984086.1250000000000000000000000
-1962572.0000000000000000000000000
-1941284.0000000000000000000000000
-1920321.6250000000000000000000000
-1899548.8750000000000000000000000
-1879123.6250000000000000000000000
-1858928.7500000000000000000000000
-1838994.6250000000000000000000000
-1819352.3750000000000000000000000
-1799963.1250000000000000000000000
-1780748.7500000000000000000000000
-1761818.8750000000000000000000000
-1743164.3750000000000000000000000
-1724707.5000000000000000000000000
-1706488.3750000000000000000000000
-1688508.0000000000000000000000000
-1670727.6250000000000000000000000
-1653177.7500000000000000000000000
-1635898.5000000000000000000000000
-1618772.6250000000000000000000000
-1601928.8750000000000000000000000
-1585230.1250000000000000000000000
-1568765.3750000000000000000000000
-1552536.2500000000000000000000000
-1536444.0000000000000000000000000
-1520598.5000000000000000000000000
-1504951.0000000000000000000000000
-1489482.0000000000000000000000000
-1474153.2500000000000000000000000
-1459123.1250000000000000000000000
-1444204.8750000000000000000000000
-1429488.0000000000000000000000000
-1414943.1250000000000000000000000
-1400561.5000000000000000000000000
-1386363.3750000000000000000000000
-1372349.2500000000000000000000000
-1358490.3750000000000000000000000
-1344816.5000000000000000000000000
-1331299.1250000000000000000000000
-1317928.3750000000000000000000000
-1304784.5000000000000000000000000
-1291709.6250000000000000000000000
-1278822.8750000000000000000000000
-1266105.2500000000000000000000000
-1253546.7500000000000000000000000
-1241089.3750000000000000000000000
-1228871.6250000000000000000000000
-1216696.6250000000000000000000000
-1204702.7500000000000000000000000
-1192861.3750000000000000000000000
-1181162.7500000000000000000000000
-1169568.0000000000000000000000000
-1158176.3750000000000000000000000
-1146859.8750000000000000000000000
-1135688.1250000000000000000000000
-1119882.1250000000000000000000000
-1098293.1250000000000000000000000
-1077201.8750000000000000000000000
-1056592.1250000000000000000000000
-1036477.0625000000000000000000000
-1016795.1875000000000000000000000
-997579.5625000000000000000000000
-978788.5000000000000000000000000
-960420.0000000000000000000000000
-942467.1250000000000000000000000
-924897.6250000000000000000000000
-907739.0625000000000000000000000
-890964.2500000000000000000000000
-874551.0000000000000000000000000
-858496.5000000000000000000000000
-842818.3750000000000000000000000
-827459.3125000000000000000000000
-812426.3750000000000000000000000
-797736.6875000000000000000000000
-783352.5625000000000000000000000
-769293.5625000000000000000000000
-755521.8125000000000000000000000
-742056.6875000000000000000000000
-728877.8125000000000000000000000
-715967.1250000000000000000000000
-703336.1875000000000000000000000
-690981.9375000000000000000000000
-678873.7500000000000000000000000
-667018.1250000000000000000000000
-655426.6875000000000000000000000
-644051.3125000000000000000000000
-632943.0625000000000000000000000
-622043.8750000000000000000000000
-611365.1250000000000000000000000
-600913.1250000000000000000000000
-590671.8750000000000000000000000
-580642.6875000000000000000000000
-570816.7500000000000000000000000
-561197.9375000000000000000000000
-551757.6875000000000000000000000
-542521.8125000000000000000000000
-533452.0000000000000000000000000
-524578.8750000000000000000000000
-515878.7812500000000000000000000
-507350.4687500000000000000000000
-498982.2812500000000000000000000
-490790.2812500000000000000000000
-482762.8750000000000000000000000
-474876.4375000000000000000000000
-467153.9687500000000000000000000
-459586.5312500000000000000000000
-452160.0937500000000000000000000
-444880.5625000000000000000000000
-437731.2812500000000000000000000
-430732.9375000000000000000000000
-423859.0312500000000000000000000
-417122.7187500000000000000000000
-410509.8750000000000000000000000
-404016.3437500000000000000000000
-397657.5312500000000000000000000
-391411.9687500000000000000000000
-385285.1875000000000000000000000
-379275.4375000000000000000000000
-373375.8750000000000000000000000
-367584.6250000000000000000000000
-361907.2500000000000000000000000
-356334.5000000000000000000000000
-350849.5937500000000000000000000
-345480.2812500000000000000000000
-340199.8125000000000000000000000
-335022.4687500000000000000000000
-329937.5937500000000000000000000
-324941.9375000000000000000000000
-320043.4375000000000000000000000
-315232.7187500000000000000000000
-310501.5000000000000000000000000
-305860.2187500000000000000000000
-301301.8750000000000000000000000
-296823.1875000000000000000000000
-292430.7812500000000000000000000
-288107.7187500000000000000000000
-283865.5937500000000000000000000
-279691.1250000000000000000000000
-275597.1250000000000000000000000
-271571.5937500000000000000000000
-267622.3437500000000000000000000
-263734.8437500000000000000000000
-259914.3906250000000000000000000
-256163.8593750000000000000000000
-252478.5937500000000000000000000
-248856.4375000000000000000000000
-245296.5312500000000000000000000
-241796.6875000000000000000000000
-238358.4218750000000000000000000
-234977.0937500000000000000000000
-231650.5625000000000000000000000
-228385.2812500000000000000000000
-225171.6250000000000000000000000
-222007.3906250000000000000000000
-218906.4531250000000000000000000
-215854.2187500000000000000000000
-212849.7343750000000000000000000
-209896.9687500000000000000000000
-206997.3281250000000000000000000
-204138.8125000000000000000000000
-201332.6875000000000000000000000
-198568.0312500000000000000000000
-195848.8906250000000000000000000
-193176.6093750000000000000000000
-190547.7343750000000000000000000
-187966.1718750000000000000000000
-185421.0468750000000000000000000
-182919.9375000000000000000000000
-180454.3125000000000000000000000
-178034.4062500000000000000000000
-175646.7031250000000000000000000
-173301.3281250000000000000000000
-170997.1406250000000000000000000
-168727.0156250000000000000000000
-166489.8125000000000000000000000
-164289.4062500000000000000000000
-162126.0156250000000000000000000
-159994.7968750000000000000000000
-157895.9531250000000000000000000
-155833.3125000000000000000000000
-153799.6250000000000000000000000
-151801.1875000000000000000000000
-149832.0625000000000000000000000
-147893.5468750000000000000000000
-145982.0625000000000000000000000
-144106.4062500000000000000000000
-142254.4218750000000000000000000
-140433.5468750000000000000000000
-138640.2656250000000000000000000
-136872.8437500000000000000000000
-135132.0312500000000000000000000
-133421.0000000000000000000000000
-131735.5937500000000000000000000
-130070.9453125000000000000000000
-128435.8359375000000000000000000
-126824.1562500000000000000000000
-125234.8593750000000000000000000
-123673.5234375000000000000000000
-122130.4375000000000000000000000
-120613.1015625000000000000000000
-119116.6406250000000000000000000
-117645.5234375000000000000000000
-116196.6953125000000000000000000
-114767.8359375000000000000000000
-113357.7890625000000000000000000
-111969.7343750000000000000000000
-110603.7343750000000000000000000
-109254.3593750000000000000000000
-107927.8203125000000000000000000
-106619.9375000000000000000000000
-105330.7265625000000000000000000
-104060.3437500000000000000000000
-102808.1796875000000000000000000
-101572.5000000000000000000000000
-100356.4687500000000000000000000
-99157.6640625000000000000000000
-97973.7109375000000000000000000
-96810.2109375000000000000000000
-95661.7187500000000000000000000
-94530.7421875000000000000000000
-93412.4218750000000000000000000
-92313.6093750000000000000000000
-91227.5781250000000000000000000
-90159.3515625000000000000000000
-89102.7968750000000000000000000
-88062.8984375000000000000000000
-87037.2734375000000000000000000
-86024.7421875000000000000000000
-85030.9218750000000000000000000
-84047.8359375000000000000000000
-83077.3906250000000000000000000
-82120.8984375000000000000000000
-81178.9921875000000000000000000
-80248.0468750000000000000000000
-79330.5703125000000000000000000
-78426.6328125000000000000000000
-77532.5546875000000000000000000
-76652.7343750000000000000000000
-75785.9531250000000000000000000
-74929.8203125000000000000000000
-74084.3593750000000000000000000
-73249.6406250000000000000000000
-72428.7734375000000000000000000
-71618.7265625000000000000000000
-70816.4375000000000000000000000
-70027.5312500000000000000000000
-69247.0859375000000000000000000
-68480.1171875000000000000000000
-67721.6953125000000000000000000
-66973.0937500000000000000000000
-66235.6015625000000000000000000
-65505.5468750000000000000000000
-64786.0546875000000000000000000
-64076.5429687500000000000000000
-63377.0468750000000000000000000
-62685.7460937500000000000000000
-62002.6914062500000000000000000
-61330.3750000000000000000000000
-60665.1250000000000000000000000
-60010.0507812500000000000000000
-59360.9023437500000000000000000
-58722.6132812500000000000000000
-58091.5234375000000000000000000
-57468.5820312500000000000000000
-56854.7617187500000000000000000
-56248.8476562500000000000000000
-55648.3984375000000000000000000
-55056.8398437500000000000000000
-54473.8867187500000000000000000
-53897.1093750000000000000000000
-53327.7617187500000000000000000
-52765.8750000000000000000000000
-52210.2382812500000000000000000
-51661.8046875000000000000000000
-51121.8281250000000000000000000
-50586.6445312500000000000000000
-50060.2773437500000000000000000
-49538.4414062500000000000000000
-49023.9179687500000000000000000
-48516.7578125000000000000000000
-48013.8750000000000000000000000
-47518.7031250000000000000000000
-47029.7187500000000000000000000
-46546.3125000000000000000000000
-46067.2890625000000000000000000
-45597.5976562500000000000000000
-45131.4023437500000000000000000
-44671.5000000000000000000000000
-44216.9726562500000000000000000
-43767.5468750000000000000000000
-43323.8554687500000000000000000
-42885.9140625000000000000000000
-42452.8242187500000000000000000
-42025.5156250000000000000000000
-41603.0976562500000000000000000
-41185.2617187500000000000000000
-40774.5156250000000000000000000
-40365.9257812500000000000000000
-39963.2148437500000000000000000
-39565.7890625000000000000000000
-39173.3359375000000000000000000
-38784.0429687500000000000000000
-38402.2382812500000000000000000
-38021.7695312500000000000000000
-37646.9609375000000000000000000
-37276.9179687500000000000000000
-36911.3359375000000000000000000
-36549.0000000000000000000000000
-36193.0117187500000000000000000
-35839.3710937500000000000000000
-35490.2539062500000000000000000
-34996.3164062500000000000000000
-34321.6601562500000000000000000
-33662.5585937500000000000000000
-33018.5039062500000000000000000
-32389.9082031250000000000000000
-31774.8496093750000000000000000
-31174.3613281250000000000000000
-30587.1406250000000000000000000
-30013.1250000000000000000000000
-29452.0976562500000000000000000
-28903.0507812500000000000000000
-28366.8457031250000000000000000
-27842.6328125000000000000000000
-27329.7187500000000000000000000
-26828.0156250000000000000000000
-26338.0742187500000000000000000
-25858.1035156250000000000000000
-25388.3242187500000000000000000
-24929.2714843750000000000000000
-24479.7675781250000000000000000
-24040.4238281250000000000000000
-23610.0566406250000000000000000
-23189.2714843750000000000000000
-22777.4316406250000000000000000
-22373.9726562500000000000000000
-21979.2558593750000000000000000
-21593.1855468750000000000000000
-21214.8046875000000000000000000
-20844.3164062500000000000000000
-20482.0839843750000000000000000
-20126.6035156250000000000000000
-19779.4707031250000000000000000
-19438.8710937500000000000000000
-19105.1601562500000000000000000
-18778.5351562500000000000000000
-18458.4960937500000000000000000
-18145.0839843750000000000000000
-17838.0234375000000000000000000
-17537.4355468750000000000000000
-17242.4277343750000000000000000
-16953.8066406250000000000000000
-16670.3750000000000000000000000
-16393.0898437500000000000000000
-16121.2119140625000000000000000
-15854.7021484375000000000000000
-15593.1962890625000000000000000
-15337.1962890625000000000000000
-15086.3398437500000000000000000
-14839.8886718750000000000000000
-14598.5615234375000000000000000
-14362.0791015625000000000000000
-14130.0029296875000000000000000
-13902.5175781250000000000000000
-13679.1025390625000000000000000
-13460.4042968750000000000000000
-13245.5947265625000000000000000
-13035.0849609375000000000000000
-12828.4335937500000000000000000
-12625.5107421875000000000000000
-12426.7978515625000000000000000
-12231.6240234375000000000000000
-12040.1621093750000000000000000
-11852.3574218750000000000000000
-11667.9960937500000000000000000
-11487.0195312500000000000000000
-11309.6015625000000000000000000
-11135.4531250000000000000000000
-10964.0498046875000000000000000
-10796.2587890625000000000000000
-10631.2441406250000000000000000
-10469.4521484375000000000000000
-10310.5498046875000000000000000
-10154.4355468750000000000000000
-10001.3574218750000000000000000
-9851.0224609375000000000000000
-9703.1718750000000000000000000
-9558.1318359375000000000000000
-9415.6835937500000000000000000
-9275.7246093750000000000000000
-9138.4619140625000000000000000
-9003.3662109375000000000000000
-8870.7998046875000000000000000
-8740.3476562500000000000000000
-8612.4101562500000000000000000
-8486.6123046875000000000000000
-8363.1982421875000000000000000
-8241.7138671875000000000000000
-8122.3247070312500000000000000
-8005.1206054687500000000000000
-7889.9560546875000000000000000
-7776.7636718750000000000000000
-7665.5166015625000000000000000
-7556.1464843750000000000000000
-7448.7006835937500000000000000
-7343.0341796875000000000000000
-7239.0800781250000000000000000
-7137.0400390625000000000000000
-7036.6132812500000000000000000
-6937.7309570312500000000000000
-6840.8266601562500000000000000
-6745.4443359375000000000000000
-6651.5541992187500000000000000
-6559.2802734375000000000000000
-6468.6665039062500000000000000
-6379.3378906250000000000000000
-6291.6464843750000000000000000
-6205.2509765625000000000000000
-6120.2778320312500000000000000
-6036.7690429687500000000000000
-5954.6166992187500000000000000
-5873.9428710937500000000000000
-5794.4077148437500000000000000
-5716.2480468750000000000000000
-5639.1972656250000000000000000
-5563.5751953125000000000000000
-5488.9594726562500000000000000
-5415.6665039062500000000000000
-5343.6606445312500000000000000
-5272.7192382812500000000000000
-5202.8066406250000000000000000
-5134.0439453125000000000000000
-5066.4379882812500000000000000
-4999.8374023437500000000000000
-4934.2485351562500000000000000
-4869.7910156250000000000000000
-4806.2382812500000000000000000
-4743.7871093750000000000000000
-4682.2519531250000000000000000
-4621.6733398437500000000000000
-4561.9394531250000000000000000
-4503.3251953125000000000000000
-4445.4506835937500000000000000
-4388.5483398437500000000000000
-4332.5083007812500000000000000
-4277.2763671875000000000000000
-4222.8759765625000000000000000
-4169.4062500000000000000000000
-4116.7373046875000000000000000
-4064.7170410156250000000000000
-4013.6198730468750000000000000
-3963.2548828125000000000000000
-3913.5893554687500000000000000
-3864.7976074218750000000000000
-3816.5761718750000000000000000
-3769.1594238281250000000000000
-3722.3950195312500000000000000
-3676.4226074218750000000000000
-3631.1467285156250000000000000
-3586.4948730468750000000000000
-3542.4309082031250000000000000
-3499.0541992187500000000000000
-3456.3666992187500000000000000
-3414.1987304687500000000000000
-3372.7443847656250000000000000
-3331.8730468750000000000000000
-3291.5852050781250000000000000
-3251.8857421875000000000000000
-3212.7556152343750000000000000
-3174.1406250000000000000000000
-3136.1396484375000000000000000
-3098.6770019531250000000000000
-3061.6784667968750000000000000
-3025.3190917968750000000000000
-2989.4287109375000000000000000
-2954.0856933593750000000000000
-2919.1381835937500000000000000
-2884.8002929687500000000000000
-2850.8618164062500000000000000
-2817.4797363281250000000000000
-2784.4624023437500000000000000
-2751.9655761718750000000000000
-2719.9147949218750000000000000
-2688.2731933593750000000000000
-2657.2163085937500000000000000
-2626.4948730468750000000000000
-2596.1684570312500000000000000
-2566.2780761718750000000000000
-2536.8435058593750000000000000
-2507.7514648437500000000000000
-2479.0803222656250000000000000
-2450.8322753906250000000000000
-2422.8923339843750000000000000
-2395.3979492187500000000000000
-2368.3110351562500000000000000
-2341.5568847656250000000000000
-2315.1362304687500000000000000
-2289.0512695312500000000000000
-2263.3991699218750000000000000
-2238.0852050781250000000000000
-2213.0136718750000000000000000
-2188.3603515625000000000000000
-2163.9714355468750000000000000
-2140.0036621093750000000000000
-2116.3029785156250000000000000
-2092.9091796875000000000000000
-2069.8625488281250000000000000
-2047.0483398437500000000000000
-2024.5642089843750000000000000
-2002.3919677734375000000000000
-1980.5327148437500000000000000
-1958.9295654296875000000000000
-1937.5841064453125000000000000
-1916.5742187500000000000000000
-1895.7851562500000000000000000
-1875.3140869140625000000000000
-1855.0281982421875000000000000
-1835.0816650390625000000000000
-1815.3601074218750000000000000
-1795.8931884765625000000000000
-1776.7113037109375000000000000
-1757.7764892578125000000000000
-1739.0124511718750000000000000
-1720.5262451171875000000000000
-1702.3089599609375000000000000
-1684.2846679687500000000000000
-1666.4925537109375000000000000
-1648.9335937500000000000000000
-1631.5699462890625000000000000
-1614.4313964843750000000000000
-1597.5571289062500000000000000
-1580.8326416015625000000000000
-1564.3836669921875000000000000
-1548.0762939453125000000000000
-1531.9974365234375000000000000
-1516.1486816406250000000000000
-1500.4335937500000000000000000
-1484.9594726562500000000000000
-1469.6787109375000000000000000
-1454.5722656250000000000000000
-1439.6027832031250000000000000
-1424.9249267578125000000000000
-1410.3563232421875000000000000
-1395.9843750000000000000000000
-1381.7803955078125000000000000
-1367.7358398437500000000000000
-1353.8704833984375000000000000
-1340.1848144531250000000000000
-1326.6507568359375000000000000
-1313.2973632812500000000000000
-1300.0968017578125000000000000
-1287.0394287109375000000000000
-1274.2036132812500000000000000
-1261.4351806640625000000000000
-1248.8504638671875000000000000
-1236.4309082031250000000000000
-1224.1667480468750000000000000
-1212.0013427734375000000000000
-1200.0699462890625000000000000
-1188.1802978515625000000000000
-1176.4675292968750000000000000
-1164.9036865234375000000000000
-1153.4792480468750000000000000
-1142.1562500000000000000000000
-1131.0316162109375000000000000
-1119.9803466796875000000000000
-1109.0704345703125000000000000
-1093.6348876953125000000000000
-1072.5518798828125000000000000
-1051.9549560546875000000000000
-1031.8282470703125000000000000
-1012.1846313476562500000000000
-992.9640502929687500000000000
-974.1987915039062500000000000
-955.8481445312500000000000000
-937.9101562500000000000000000
-920.3780517578125000000000000
-903.2203369140625000000000000
-886.4639282226562500000000000
-870.0822753906250000000000000
-854.0537109375000000000000000
-838.3754882812500000000000000
-823.0648193359375000000000000
-808.0657348632812500000000000
-793.3851318359375000000000000
-779.0397338867187500000000000
-764.9927368164062500000000000
-751.2632446289062500000000000
-737.8142700195312500000000000
-724.6647338867187500000000000
-711.7947387695312500000000000
-699.1866455078125000000000000
-686.8517456054687500000000000
-674.7870483398437500000000000
-662.9626464843750000000000000
-651.3848876953125000000000000
-640.0651245117187500000000000
-628.9563598632812500000000000
-618.1084594726562500000000000
-607.4647216796875000000000000
-597.0362548828125000000000000
-586.8292236328125000000000000
-576.8280029296875000000000000
-567.0338745117187500000000000
-557.4382324218750000000000000
-548.0448608398437500000000000
-538.8258666992187500000000000
-529.8064575195312500000000000
-520.9492187500000000000000000
-512.2840576171875000000000000
-503.7878723144531250000000000
-495.4594421386718750000000000
-487.2873840332031250000000000
-479.2873840332031250000000000
-471.4481201171875000000000000
-463.7465209960937500000000000
-456.2050476074218750000000000
-448.8149719238281250000000000
-441.5625915527343750000000000
-434.4536743164062500000000000
-427.4719543457031250000000000
-420.6376342773437500000000000
-413.9248352050781250000000000
-407.3464050292968750000000000
-400.8885498046875000000000000
-394.5472106933593750000000000
-388.3374328613281250000000000
-382.2382507324218750000000000
-376.2550659179687500000000000
-370.3861694335937500000000000
-364.6248779296875000000000000
-358.9693603515625000000000000
-353.4250488281250000000000000
-347.9829101562500000000000000
-342.6265563964843750000000000
-337.3830871582031250000000000
-332.2263793945312500000000000
-327.1703796386718750000000000
-322.2046813964843750000000000
-317.3261108398437500000000000
-312.5424194335937500000000000
-307.8444519042968750000000000
-303.2241210937500000000000000
-298.6916198730468750000000000
-294.2401123046875000000000000
-289.8663940429687500000000000
-285.5769348144531250000000000
-281.3551940917968750000000000
-277.2124938964843750000000000
-273.1358642578125000000000000
-269.1378173828125000000000000
-265.2066345214843750000000000
-261.3499450683593750000000000
-257.5535583496093750000000000
-253.8226470947265625000000000
-250.1600189208984375000000000
-246.5611267089843750000000000
-243.0238647460937500000000000
-239.5473937988281250000000000
-236.1295776367187500000000000
-232.7718963623046875000000000
-229.4698181152343750000000000
-226.2212524414062500000000000
-223.0325012207031250000000000
-219.8941650390625000000000000
-216.8040924072265625000000000
-213.7758331298828125000000000
-210.7951354980468750000000000
-207.8610687255859375000000000
-204.9775085449218750000000000
-202.1458282470703125000000000
-199.3543090820312500000000000
-196.6139526367187500000000000
-193.9140930175781250000000000
-191.2586822509765625000000000
-188.6490325927734375000000000
-186.0817718505859375000000000
-183.5607147216796875000000000
-181.0752410888671875000000000
-178.6327514648437500000000000
-176.2249145507812500000000000
-173.8617248535156250000000000
-171.5299835205078125000000000
-169.2395782470703125000000000
-166.9893951416015625000000000
-164.7724761962890625000000000
-162.5877075195312500000000000
-160.4388732910156250000000000
-158.3261871337890625000000000
-156.2449188232421875000000000
-154.1952667236328125000000000
-152.1809692382812500000000000
-150.1949462890625000000000000
-148.2433471679687500000000000
-146.3203735351562500000000000
-144.4272918701171875000000000
-142.5606079101562500000000000
-140.7289123535156250000000000
-138.9203338623046875000000000
-137.1421356201171875000000000
-135.3908843994140625000000000
-133.6648864746093750000000000
-131.9648742675781250000000000
-130.2939453125000000000000000
-128.6480407714843750000000000
-127.0224075317382812500000000
-125.4256210327148437500000000
-123.8517150878906250000000000
-122.2996673583984375000000000
-120.7749252319335937500000000
-119.2680053710937500000000000
-117.7862319946289062500000000
-116.3248443603515625000000000
-114.8882064819335937500000000
-113.4733352661132812500000000
-112.0779647827148437500000000
-110.7009658813476562500000000
-109.3454437255859375000000000
-108.0114593505859375000000000
-106.6937103271484375000000000
-105.3982620239257812500000000
-104.1210327148437500000000000
-102.8620376586914062500000000
-101.6214294433593750000000000
-100.3986129760742187500000000
-99.1918945312500000000000000
-98.0043640136718750000000000
-96.8336563110351562500000000
-95.6774520874023437500000000
-94.5412216186523437500000000
-93.4196472167968750000000000
-92.3151779174804687500000000
-91.2230682373046875000000000
-90.1500091552734375000000000
-89.0894317626953125000000000
-88.0462417602539062500000000
-87.0144500732421875000000000
-85.9989242553710937500000000
-84.9973373413085937500000000
-84.0085372924804687500000000
-83.0380096435546875000000000
-82.0779647827148437500000000
-81.1302642822265625000000000
-80.1961898803710937500000000
-79.2763595581054687500000000
-78.3672332763671875000000000
-77.4712600708007812500000000
-76.5885086059570312500000000
-75.7153854370117187500000000
-74.8561859130859375000000000
-74.0097198486328125000000000
-73.1736526489257812500000000
-72.3480072021484375000000000
-71.5328521728515625000000000
-70.7312240600585937500000000
-69.9401626586914062500000000
-69.1566772460937500000000000
-68.3862609863281250000000000
-67.6241073608398437500000000
-66.8751144409179687500000000
-66.1344680786132812500000000
-65.4034118652343750000000000
-64.6832046508789062500000000
-63.9702606201171875000000000
-63.2676315307617187500000000
-62.5747489929199218750000000
-61.8916473388671875000000000
-61.2165489196777343750000000
-60.5495033264160156250000000
-59.8929443359375000000000000
-59.2432861328125000000000000
-58.6035652160644531250000000
-57.9696311950683593750000000
-57.3463020324707031250000000
-56.7300033569335937500000000
-56.1216621398925781250000000
-55.5222282409667968750000000
-54.9305152893066406250000000
-54.3441390991210937500000000
-53.7664451599121093750000000
-53.1971549987792968750000000
-52.6338958740234375000000000
-52.0778923034667968750000000
-51.5291748046875000000000000
-50.9865608215332031250000000
-50.4509811401367187500000000
-49.9236602783203125000000000
-49.4010200500488281250000000
-48.8869895935058593750000000
-48.3773841857910156250000000
-47.8749198913574218750000000
-47.3796463012695312500000000
-46.8885498046875000000000000
-46.4049835205078125000000000
-45.9274597167968750000000000
-45.4553833007812500000000000
-44.9875869750976562500000000
-44.5289039611816406250000000
-44.0736351013183593750000000
-43.6245117187500000000000000
-43.1806373596191406250000000
-42.7417449951171875000000000
-42.3084526062011718750000000
-41.8807754516601562500000000
-41.4578361511230468750000000
-41.0405426025390625000000000
-40.6280250549316406250000000
-40.2199821472167968750000000
-39.8188629150390625000000000
-39.4198493957519531250000000
-39.0265769958496093750000000
-38.6384658813476562500000000
-38.2552108764648437500000000
-37.8750419616699218750000000
-37.5021858215332031250000000
-37.1306343078613281250000000
-36.7646102905273437500000000
-36.4032402038574218750000000
-36.0462265014648437500000000
-35.6923828125000000000000000
-35.3447380065917968750000000
-34.9993858337402343750000000
-34.6584510803222656250000000
-34.1760902404785156250000000
-33.5172462463378906250000000
-32.8735923767089843750000000
-32.2446327209472656250000000
-31.6307697296142578125000000
-31.0301265716552734375000000
-30.4437122344970703125000000
-29.8702545166015625000000000
-29.3096923828125000000000000
-28.7618141174316406250000000
-28.2256355285644531250000000
-27.7019977569580078125000000
-27.1900711059570312500000000
-26.6891784667968750000000000
-26.1992340087890625000000000
-25.7207756042480468750000000
-25.2520542144775390625000000
-24.7932853698730468750000000
-24.3449916839599609375000000
-23.9060230255126953125000000
-23.4769763946533203125000000
-23.0566959381103515625000000
-22.6457729339599609375000000
-22.2435855865478515625000000
-21.8495826721191406250000000
-21.4641170501708984375000000
-21.0870952606201171875000000
-20.7175827026367187500000000
-20.3557777404785156250000000
-20.0020351409912109375000000
-19.6548862457275390625000000
-19.3158893585205078125000000
-18.9832725524902343750000000
-18.6573829650878906250000000
-18.3384132385253906250000000
-18.0258750915527343750000000
-17.7198085784912109375000000
-17.4199447631835937500000000
-17.1264019012451171875000000
-16.8383083343505859375000000
-16.5564517974853515625000000
-16.2796630859375000000000000
-16.0088768005371093750000000
-15.7433710098266601562500000
-15.4831075668334960937500000
-15.2277307510375976562500000
-14.9777307510375976562500000
-14.7327537536621093750000000
-14.4920787811279296875000000
-14.2564077377319335937500000
-14.0254678726196289062500000
-13.7988309860229492187500000
-13.5766773223876953125000000
-13.3584985733032226562500000
-13.1449260711669921875000000
-12.9351511001586914062500000
-12.7295751571655273437500000
-12.5277671813964843750000000
-12.3296003341674804687500000
-12.1355447769165039062500000
-11.9449453353881835937500000
-11.7579708099365234375000000
-11.5745677947998046875000000
-11.3945274353027343750000000
-11.2177925109863281250000000
-11.0445327758789062500000000
-10.8744659423828125000000000
-10.7070798873901367187500000
-10.5432214736938476562500000
-10.3820743560791015625000000
-10.2240743637084960937500000
-10.0688962936401367187500000
-9.9164409637451171875000000
-9.7669506072998046875000000
-9.6201391220092773437500000
-9.4757537841796875000000000
-9.3341131210327148437500000
-9.1950035095214843750000000
-9.0583248138427734375000000
-8.9242792129516601562500000
-8.7923498153686523437500000
-8.6628904342651367187500000
-8.5354957580566406250000000
-8.4105567932128906250000000
-8.2877073287963867187500000
-8.1671857833862304687500000
-8.0485486984252929687500000
-7.9319577217102050781250000
-7.8175005912780761718750000
-7.7050352096557617187500000
-7.5944957733154296875000000
-7.4858560562133789062500000
-7.3790493011474609375000000
-7.2741217613220214843750000
-7.1709318161010742187500000
-7.0694141387939453125000000
-6.9697656631469726562500000
-6.8716926574707031250000000
-6.7751278877258300781250000
-6.6804947853088378906250000
-6.5873479843139648437500000
-6.4956583976745605468750000
-6.4055471420288085937500000
-6.3170571327209472656250000
-6.2298221588134765625000000
-6.1441860198974609375000000
-6.0598154067993164062500000
-5.9768338203430175781250000
-5.8952822685241699218750000
-5.8150553703308105468750000
-5.7362723350524902343750000
-5.6586012840270996093750000
-5.5822734832763671875000000
-5.5070285797119140625000000
-5.4331789016723632812500000
-5.3603119850158691406250000
-5.2887368202209472656250000
-5.2184185981750488281250000
-5.1491398811340332031250000
-5.0808658599853515625000000
-5.0137147903442382812500000
-4.9476933479309082031250000
-4.8826537132263183593750000
-4.8186020851135253906250000
-4.7556552886962890625000000
-4.6935920715332031250000000
-4.6326045989990234375000000
-4.5725116729736328125000000
-4.5133528709411621093750000
-4.4550189971923828125000000
-4.3977785110473632812500000
-4.3412604331970214843750000
-4.2856917381286621093750000
-4.2309651374816894531250000
-4.1770277023315429687500000
-4.1239023208618164062500000
-4.0716857910156250000000000
-4.0202512741088867187500000
-3.9694502353668212890625000
-3.9195506572723388671875000
-3.8703660964965820312500000
-3.8218646049499511718750000
-3.7742164134979248046875000
-3.7271251678466796875000000
-3.6808197498321533203125000
-3.6351513862609863281250000
-3.5902564525604248046875000
-3.5460417270660400390625000
-3.5024363994598388671875000
-3.4594051837921142578125000
-3.4170451164245605468750000
-3.3753581047058105468750000
-3.3341784477233886718750000
-3.2936956882476806640625000
-3.2537822723388671875000000
-3.2144386768341064453125000
-3.1756696701049804687500000
-3.1374566555023193359375000
-3.0997467041015625000000000
-3.0626363754272460937500000
-3.0260517597198486328125000
-2.9899203777313232421875000
-2.9544131755828857421875000
-2.9193639755249023437500000
-2.8848493099212646484375000
-2.8507208824157714843750000
-2.8171877861022949218750000
-2.7840447425842285156250000
-2.7514450550079345703125000
-2.7192015647888183593750000
-2.6874663829803466796875000
-2.6561667919158935546875000
-2.6252667903900146484375000
-2.5949378013610839843750000
-2.5649363994598388671875000
-2.5353207588195800781250000
-2.5061309337615966796875000
-2.4773862361907958984375000
-2.4489760398864746093750000
-2.4209768772125244140625000
-2.3933908939361572265625000
-2.3661057949066162109375000
-2.3392558097839355468750000
-2.3128037452697753906250000
-2.2866766452789306640625000
-2.2608752250671386718750000
-2.2354016304016113281250000
-2.2103507518768310546875000
-2.1856300830841064453125000
-2.1611461639404296875000000
-2.1370706558227539062500000
-2.1132533550262451171875000
-2.0898473262786865234375000
-2.0667021274566650390625000
-2.0438566207885742187500000
-2.0213501453399658203125000
-1.9990706443786621093750000
-1.9771134853363037109375000
-1.9554609060287475585937500
-1.9341139793395996093750000
-1.9130171537399291992187500
-1.8921719789505004882812500
-1.8716545104980468750000000
-1.8513526916503906250000000
-1.8313614130020141601562500
-1.8115509748458862304687500
-1.7920719385147094726562500
-1.7728126049041748046875000
-1.7538019418716430664062500
-1.7350696325302124023437500
-1.7165786027908325195312500
-1.6982543468475341796875000
-1.6802014112472534179687500
-1.6624110937118530273437500
-1.6448092460632324218750000
-1.6274341344833374023437500
-1.6102867126464843750000000
-1.5933300256729125976562500
-1.5765931606292724609375000
-1.5601143836975097656250000
-1.5437818765640258789062500
-1.5277184247970581054687500
-1.5117932558059692382812500
-1.4960912466049194335937500
-1.4806139469146728515625000
-1.4652671813964843750000000
-1.4501557350158691406250000
-1.4352331161499023437500000
-1.4204807281494140625000000
-1.4058620929718017578125000
-1.3915282487869262695312500
-1.3773010969161987304687500
-1.3632659912109375000000000
-1.3493949174880981445312500
-1.3356795310974121093750000
-1.3221391439437866210937500
-1.3087742328643798828125000
-1.2955573797225952148437500
-1.2825169563293457031250000
-1.2696257829666137695312500
-1.2568744421005249023437500
-1.2443394660949707031250000
-1.2318702936172485351562500
-1.2195805311203002929687500
-1.2074520587921142578125000
-1.1954753398895263671875000
-1.1835950613021850585937500
-1.1719433069229125976562500
-1.1603323221206665039062500
-1.1488940715789794921875000
-1.1376012563705444335937500
-1.1264445781707763671875000
-1.1153869628906250000000000
-1.1045230627059936523437500
-1.0937308073043823242187500
-1.0830765962600708007812500
-1.0680028200149536132812500
-1.0474139451980590820312500
-1.0272997617721557617187500
-1.0076447725296020507812500
-0.9884615540504455566406250
-0.9696914553642272949218750
-0.9513660073280334472656250
-0.9334454536437988281250000
-0.9159278869628906250000000
-0.8988066911697387695312500
-0.8820511102676391601562500
-0.8656874299049377441406250
-0.8496897220611572265625000
-0.8340368270874023437500000
-0.8187260627746582031250000
-0.8037742376327514648437500
-0.7891266942024230957031250
-0.7747901678085327148437500
-0.7607809901237487792968750
-0.7470632195472717285156250
-0.7336555123329162597656250
-0.7205217480659484863281250
-0.7076804041862487792968750
-0.6951120495796203613281250
-0.6827994585037231445312500
-0.6707536578178405761718750
-0.6589717268943786621093750
-0.6474244594573974609375000
-0.6361180543899536132812500
-0.6250635981559753417968750
-0.6142151951789855957031250
-0.6036215424537658691406250
-0.5932272672653198242187500
-0.5830432176589965820312500
-0.5730754137039184570312500
-0.5633085966110229492187500
-0.5537440180778503417968750
-0.5443732738494873046875000
-0.5352000594139099121093750
-0.5261971354484558105468750
-0.5173891186714172363281250
-0.5087394714355468750000000
-0.5002774000167846679687500
-0.4919803440570831298828125
-0.4838471114635467529296875
-0.4758665859699249267578125
-0.4680540859699249267578125
-0.4603985548019409179687500
-0.4528774619102478027343750
-0.4455127418041229248046875
-0.4382958710193634033203125
-0.4312134683132171630859375
-0.4242711663246154785156250
-0.4174530804157257080078125
-0.4107789397239685058593750
-0.4042234718799591064453125
-0.3977992236614227294921875
-0.3914927244186401367187500
-0.3853000104427337646484375
-0.3792357742786407470703125
-0.3732795417308807373046875
-0.3674365878105163574218750
-0.3617052435874938964843750
-0.3560789823532104492187500
-0.3505560159683227539062500
-0.3451416492462158203125000
-0.3398270606994628906250000
-0.3345962464809417724609375
-0.3294756710529327392578125
-0.3244398236274719238281250
-0.3195023238658905029296875
-0.3146530091762542724609375
-0.3098887801170349121093750
-0.3052172064781188964843750
-0.3006293475627899169921875
-0.2961173057556152343750000
-0.2916910350322723388671875
-0.2873438596725463867187500
-0.2830726504325866699218750
-0.2788837254047393798828125
-0.2747609317302703857421875
-0.2707153260707855224609375
-0.2667342424392700195312500
-0.2628298997879028320312500
-0.2589908540248870849609375
-0.2552245557308197021484375
-0.2515171468257904052734375
-0.2478736788034439086914063
-0.2442968934774398803710938
-0.2407823503017425537109375
-0.2373279929161071777343750
-0.2339330017566680908203125
-0.2305952906608581542968750
-0.2273163050413131713867188
-0.2240916192531585693359375
-0.2209191918373107910156250
-0.2178051769733428955078125
-0.2147403955459594726562500
-0.2117227464914321899414063
-0.2087654620409011840820313
-0.2058546245098114013671875
-0.2029893249273300170898438
-0.2001733481884002685546875
-0.1974080353975296020507813
-0.1946819424629211425781250
-0.1920058131217956542968750
-0.1893692314624786376953125
-0.1867760568857192993164063
-0.1842275708913803100585938
-0.1817204803228378295898438
-0.1792585104703903198242188
-0.1768312901258468627929688
-0.1744460463523864746093750
-0.1720946431159973144531250
-0.1697868406772613525390625
-0.1675097495317459106445313
-0.1652730256319046020507813
-0.1630755811929702758789063
-0.1609106212854385375976563
-0.1587770581245422363281250
-0.1566785871982574462890625
-0.1546154171228408813476563
-0.1525829285383224487304688
-0.1505813151597976684570313
-0.1486142277717590332031250
-0.1466747522354125976562500
-0.1447688937187194824218750
-0.1428909897804260253906250
-0.1410422772169113159179688
-0.1392193436622619628906250
-0.1374305784702301025390625
-0.1356643885374069213867188
-0.1339278668165206909179688
-0.1322176605463027954101563
-0.1305321156978607177734375
-0.1288719475269317626953125
-0.1272401809692382812500000
-0.1256328523159027099609375
-0.1240453198552131652832031
-0.1224859580397605895996094
-0.1209489405155181884765625
-0.1194332689046859741210938
-0.1179442629218101501464844
-0.1164726614952087402343750
-0.1150256171822547912597656
-0.1135984808206558227539063
-0.1121955141425132751464844
-0.1108138039708137512207031
-0.1094511374831199645996094
-0.1081064119935035705566406
-0.1067826598882675170898438
-0.1054799407720565795898438
-0.1041930764913558959960938
-0.1029279902577400207519531
-0.1016806960105895996093750
-0.1004512086510658264160156
-0.0992396771907806396484375
-0.0980455204844474792480469
-0.0968670845031738281250000
-0.0957073867321014404296875
-0.0945641174912452697753906
-0.0934350118041038513183594
-0.0923254117369651794433594
-0.0912301242351531982421875
-0.0901515409350395202636719
-0.0890850275754928588867188
-0.0880371183156967163085938
-0.0870013982057571411132813
-0.0859826579689979553222656
-0.0849750488996505737304688
-0.0839833244681358337402344
-0.0830052122473716735839844
-0.0820395871996879577636719
-0.0810918062925338745117188
-0.0801542624831199645996094
-0.0792287737131118774414063
-0.0783165916800498962402344
-0.0774183198809623718261719
-0.0765305012464523315429688
-0.0756555274128913879394531
-0.0747934654355049133300781
-0.0739408060908317565917969
-0.0731017440557479858398438
-0.0722751170396804809570313
-0.0714586451649665832519531
-0.0706523507833480834960938
-0.0698563009500503540039063
-0.0690734609961509704589844
-0.0683009400963783264160156
-0.0675358176231384277343750
-0.0667834579944610595703125
-0.0660391673445701599121094
-0.0653077289462089538574219
-0.0645844414830207824707031
-0.0638705193996429443359375
-0.0631671920418739318847656
-0.0624709576368331909179688
-0.0617847964167594909667969
-0.0611081533133983612060547
-0.0604410618543624877929688
-0.0597817860543727874755859
-0.0591303743422031402587891
-0.0584892034530639648437500
-0.0578547716140747070312500
-0.0572300441563129425048828
-0.0566109679639339447021484
-0.0560022480785846710205078
-0.0554003939032554626464844
-0.0548063106834888458251953
-0.0542209260165691375732422
-0.0536430813372135162353516
-0.0530704483389854431152344
-0.0525062941014766693115234
-0.0519503466784954071044922
-0.0514002889394760131835938
-0.0508573167026042938232422
-0.0503214597702026367187500
-0.0497915633022785186767578
-0.0492685362696647644042969
-0.0487535744905471801757813
-0.0482431836426258087158203
-0.0477412007749080657958984
-0.0472435392439365386962891
-0.0467528514564037322998047
-0.0462691858410835266113281
-0.0457895994186401367187500
-0.0453173667192459106445313
-0.0448510348796844482421875
-0.0443900227546691894531250
-0.0439331904053688049316406
-0.0434852577745914459228516
-0.0430406592786312103271484
-0.0426020622253417968750000
-0.0421685911715030670166016
-0.0417399853467941284179688
-0.0413168482482433319091797
-0.0408991947770118713378906
-0.0404861681163311004638672
-0.0400786548852920532226563
-0.0396758057177066802978516
-0.0392773263156414031982422
-0.0388856083154678344726563
-0.0384959466755390167236328
-0.0381118915975093841552734
-0.0377328768372535705566406
-0.0373586043715476989746094
-0.0369873456656932830810547
-0.0366232283413410186767578
-0.0362603850662708282470703
-0.0359029397368431091308594
-0.0355500392615795135498047
-0.0352013930678367614746094
-0.0348558425903320312500000
-0.0345163457095623016357422
-0.0341790877282619476318359
-0.0338461436331272125244141
-0.0333750881254673004150391
-0.0327316857874393463134766
-0.0321031175553798675537109
-0.0314888991415500640869141
-0.0308894235640764236450195
-0.0303028579801321029663086
-0.0297301877290010452270508
-0.0291701704263687133789063
-0.0286227464675903320312500
-0.0280877090990543365478516
-0.0275640971958637237548828
-0.0270527321845293045043945
-0.0265528038144111633300781
-0.0260636508464813232421875
-0.0255851894617080688476563
-0.0251179449260234832763672
-0.0246602091938257217407227
-0.0242121927440166473388672
-0.0237744059413671493530273
-0.0233457256108522415161133
-0.0229267347604036331176758
-0.0225163046270608901977539
-0.0221150126308202743530273
-0.0217222515493631362915039
-0.0213374830782413482666016
-0.0209610518068075180053711
-0.0205928664654493331909180
-0.0202320143580436706542969
-0.0198786891996860504150391
-0.0195332374423742294311523
-0.0191942248493432998657227
-0.0188631732016801834106445
-0.0185383521020412445068359
-0.0182201005518436431884766
-0.0179086066782474517822266
-0.0176033936440944671630859
-0.0173045005649328231811523
-0.0170116648077964782714844
-0.0167250018566846847534180
-0.0164436604827642440795898
-0.0161684099584817886352539
-0.0158981084823608398437500
-0.0156336687505245208740234
-0.0153743857517838478088379
-0.0151202222332358360290527
-0.0148708308115601539611816
-0.0146266901865601539611816
-0.0143874548375606536865234
-0.0141524206846952438354492
-0.0139222731813788414001465
-0.0136967459693551063537598
-0.0134754208847880363464355
-0.0132584739476442337036133
-0.0130454087629914283752441
-0.0128368418663740158081055
-0.0126319834962487220764160
-0.0124312257394194602966309
-0.0122341476380825042724609
-0.0120406253263354301452637
-0.0118511179462075233459473
-0.0116649856790900230407715
-0.0114823933690786361694336
-0.0113032888621091842651367
-0.0111274681985378265380859
-0.0109548754990100860595703
-0.0107856765389442443847656
-0.0106195956468582153320313
-0.0104561327025294303894043
-0.0102961147204041481018066
-0.0101387444883584976196289
-0.0099844476208090782165527
-0.0098329065367579460144043
-0.0096840243786573410034180
-0.0095380377024412155151367
-0.0093946671113371849060059
-0.0092536658048629760742188
-0.0091153448447585105895996
-0.0089794956147670745849609
-0.0088460203260183334350586
-0.0087151164188981056213379
-0.0085862791165709495544434
-0.0084598539397120475769043
-0.0083354450762271881103516
-0.0082134343683719635009766
-0.0080934641882777214050293
-0.0079757673665881156921387
-0.0078599108383059501647949
-0.0077460524626076221466064
-0.0076342779211699962615967
-0.0075244484469294548034668
-0.0074164997786283493041992
-0.0073104063048958778381348
-0.0072061028331518173217773
-0.0071036345325410366058350
-0.0070028631016612052917480
-0.0069037247449159622192383
-0.0068064117804169654846191
-0.0067106373608112335205078
-0.0066163358278572559356689
-0.0065239206887781620025635
-0.0064329570159316062927246
-0.0063434164039790630340576
-0.0062554171308875083923340
-0.0061690011061728000640869
-0.0060838107019662857055664
-0.0060001816600561141967773
-0.0059177884832024574279785
-0.0058367517776787281036377
-0.0057571115903556346893311
-0.0056787650100886821746826
-0.0056018284521996974945068
-0.0055259778164327144622803
-0.0054514389485120773315430
-0.0053779575973749160766602
-0.0053058387711644172668457
-0.0052346796728670597076416
-0.0051647820509970188140869
-0.0050961119122803211212158
-0.0050284569151699542999268
-0.0049617830663919448852539
-0.0048962058499455451965332
-0.0048317317850887775421143
-0.0047682165168225765228271
-0.0047056660987436771392822
-0.0046441946178674697875977
-0.0045835860073566436767578
-0.0045240279287099838256836
-0.0044653434306383132934570
-0.0044075711630284786224365
-0.0043506044894456863403320
-0.0042947055771946907043457
-0.0042395121417939662933350
-0.0041852458380162715911865
-0.0041318018920719623565674
-0.0040791286155581474304199
-0.0040272483602166175842285
-0.0039762556552886962890625
-0.0039260266348719596862793
-0.0038764162454754114151001
-0.0038276861887425184249878
-0.0037796543911099433898926
-0.0037322896532714366912842
-0.0036857582163065671920776
-0.0036397706717252731323242
-0.0035945505369454622268677
-0.0035499525256454944610596
-0.0035061098169535398483276
-0.0034629313740879297256470
-0.0034203480463474988937378
-0.0033783253747969865798950
-0.0033369581215083599090576
-0.0032962481491267681121826
-0.0032560336403548717498779
-0.0032164996955543756484985
-0.0031775217503309249877930
-0.0031391002703458070755005
-0.0031012399122118949890137
-0.0030639225151389837265015
-0.0030270963907241821289063
-0.0029908558353781700134277
-0.0029551286716014146804810
-0.0029198441188782453536987
-0.0028851691167801618576050
-0.0028509413823485374450684
-0.0028172356542199850082397
-0.0027839071117341518402100
-0.0027511599473655223846436
-0.0027187936939299106597900
-0.0026869580615311861038208
-0.0026554702781140804290771
-0.0026244788896292448043823
-0.0025939128827303647994995
-0.0025637370999902486801147
-0.0025341189466416835784912
-0.0025048207025974988937378
-0.0024758991785347461700439
-0.0024473934900015592575073
-0.0024193224962800741195679
-0.0023915781639516353607178
-0.0023642352316528558731079
-0.0023372957948595285415649
-0.0023106501903384923934937
-0.0022844295017421245574951
-0.0022585974074900150299072
-0.0022330826614052057266235
-0.0022078859619796276092529
-0.0021830094046890735626221
-0.0021585456561297178268433
-0.0021344043780118227005005
-0.0021104943007230758666992
-0.0020869830623269081115723
-0.0020637239795178174972534
-0.0020408665295690298080444
-0.0020182637963443994522095
-0.0019959537312388420104980
-0.0019739747513085603713989
-0.0019522174261510372161865
-0.0019307748880237340927124
-0.0019096297910436987876892
-0.0018887831829488277435303
-0.0018681808141991496086121
-0.0018478241981938481330872
-0.0018277876079082489013672
-0.0018079616129398345947266
-0.0017884388798847794532776
-0.0017690927488729357719421
-0.0017500702524557709693909
-0.0017312623094767332077026
-0.0017126972088590264320374
-0.0016944039380177855491638
-0.0016763462917879223823547
-0.0016584515105932950973511
-0.0016408216906711459159851
-0.0016234483337029814720154
-0.0016062590293586254119873
-0.0015892911469563841819763
-0.0015725456178188323974609
-0.0015559863531962037086487
-0.0015396417584270238876343
-0.0015235492028295993804932
-0.0015075994888320565223694
-0.0014919125242158770561218
-0.0014763606013730168342590
-0.0014610266080126166343689
-0.0014459120575338602066040
-0.0014309249818325042724609
-0.0014161677099764347076416
-0.0014015948399901390075684
-0.0013871882110834121704102
-0.0013729122001677751541138
-0.0013589143054559826850891
-0.0013450206024572253227234
-0.0013313144445419311523438
-0.0013177684741094708442688
-0.0013043745420873165130615
-0.0012911515077576041221619
-0.0012780998367816209793091
-0.0012651927536353468894958
-0.0012524579651653766632080
-0.0012398689286783337593079
-0.0012274164473637938499451
-0.0012151752598583698272705
-0.0012029983336105942726135
-0.0011909966124221682548523
-0.0011791524011641740798950
-0.0011674563866108655929565
-0.0011558545520529150962830
-0.0011444758856669068336487
-0.0011331370333209633827209
-0.0011219668667763471603394
-0.0011109387269243597984314
-0.0011000435333698987960815
-0.0010892450809478759765625
-0.0010786358034238219261169
-0.0010680964915081858634949
-0.0010576919885352253913879
-0.0010429715039208531379700
-0.0010228651808574795722961
-0.0010032224236056208610535
-0.0009840280981734395027161
-0.0009652944863773882389069
-0.0009469643118791282176971
-0.0009290683665312826633453
-0.0009115678258240222930908
-0.0008944608271121978759766
-0.0008777409093454480171204
-0.0008613780373707413673401
-0.0008453978807665407657623
-0.0008297751192003488540649
-0.0008144890889525413513184
-0.0007995371706783771514893
-0.0007849357789382338523865
-0.0007706315373070538043976
-0.0007566310232505202293396
-0.0007429501856677234172821
-0.0007295539253391325473785
-0.0007164604612626135349274
-0.0007036345195956528186798
-0.0006910941447131335735321
-0.0006788203609175980091095
-0.0006667963461950421333313
-0.0006550328689627349376678
-0.0006435270770452916622162
-0.0006322504486888647079468
-0.0006212090374901890754700
-0.0006104136700741946697235
-0.0005998195265419781208038
-0.0005894741625525057315826
-0.0005793235031887888908386
-0.0005693781422451138496399
-0.0005596439586952328681946
-0.0005501060513779520988464
-0.0005407656426541507244110
-0.0005316145252436399459839
-0.0005226563080213963985443
-0.0005138643900863826274872
-0.0005052628112025558948517
-0.0004968158900737762451172
-0.0004885521484538912773132
-0.0004804495547432452440262
-0.0004725069447886198759079
-0.0004647134628612548112869
-0.0004570840683300048112869
-0.0004496079636737704277039
-0.0004422631463967263698578
-0.0004350710369180887937546
-0.0004280233115423470735550
-0.0004211069026496261358261
-0.0004143273108638823032379
-0.0004076690238434821367264
-0.0004011513083241879940033
-0.0003947494842577725648880
-0.0003884758043568581342697
-0.0003823171136900782585144
-0.0003762695414479821920395
-0.0003703474358189851045609
-0.0003645308024715632200241
-0.0003588247927837073802948
-0.0003532277769409120082855
-0.0003477333812043070793152
-0.0003423398593440651893616
-0.0003370523918420076370239
-0.0003318623639643192291260
-0.0003267541469540446996689
-0.0003217535850126296281815
-0.0003168357652612030506134
-0.0003120139881502836942673
-0.0003072783292736858129501
-0.0003026257618330419063568
-0.0002980636782012879848480
-0.0002935833472292870283127
-0.0002891770564019680023193
-0.0002848545263987034559250
-0.0002806092379614710807800
-0.0002764381351880729198456
-0.0002723473880905658006668
-0.0002683212223928421735764
-0.0002643704356160014867783
-0.0002604826586320996284485
-0.0002566698240116238594055
-0.0002529207558836787939072
-0.0002492427302058786153793
-0.0002456222136970609426498
-0.0002420641394564881920815
-0.0002385711850365623831749
-0.0002351390139665454626083
-0.0002317656180821359157562
-0.0002284501970279961824417
-0.0002251907135359942913055
-0.0002219885791419073939323
-0.0002188394719269126653671
-0.0002157413982786238193512
-0.0002127003681380301713943
-0.0002097074175253510475159
-0.0002067604946205392479897
-0.0002038725215243175625801
-0.0002010299067478626966476
-0.0001982317626243457198143
-0.0001954817853402346372604
-0.0001927812845679000020027
-0.0001901190844364464282990
-0.0001875056768767535686493
-0.0001849308901000767946243
-0.0001823984930524602532387
-0.0001799097371986135840416
-0.0001774614065652713179588
-0.0001750571391312405467033
-0.0001726868067635223269463
-0.0001703574671410024166107
-0.0001680611749179661273956
-0.0001658074615988880395889
-0.0001635837397770956158638
-0.0001613994390936568379402
-0.0001592534972587600350380
-0.0001571392785990610718727
-0.0001550557208247482776642
-0.0001530064328107982873917
-0.0001509916182840242981911
-0.0001490067661507055163383
-0.0001470520655857399106026
-0.0001451310818083584308624
-0.0001432370627298951148987
-0.0001413758727721869945526
-0.0001395419822074472904205
-0.0001377365988446399569511
-0.0001359563902951776981354
-0.0001342095492873340845108
-0.0001324847544310614466667
-0.0001307889324380084872246
-0.0001291188091272488236427
-0.0001274727692361921072006
-0.0001258515112567692995071
-0.0001242579892277717590332
-0.0001226883323397487401962
-0.0001211380076711066067219
-0.0001196151933982037007809
-0.0001181141997221857309341
-0.0001166340516647323966026
-0.0001151799442595802247524
-0.0001137428334914147853851
-0.0001123297042795456945896
-0.0001109360164264217019081
-0.0001095659317797981202602
-0.0001082166054402478039265
-0.0001068858764483593404293
-0.0001055726679624058306217
-0.0001042799412971362471581
-0.0001030077546602115035057
-0.0001017510512610897421837
-0.0001005156154860742390156
-0.0000992975546978414058685
-0.0000980968834483064711094
-0.0000969137472566217184067
-0.0000957475785980932414532
-0.0000945967622101306915283
-0.0000934642448555678129196
-0.0000923477709875442087650
-0.0000912451287149451673031
-0.0000901615348993800580502
-0.0000890919181983917951584
-0.0000880386141943745315075
-0.0000869970972416922450066
-0.0000859737483551725745201
-0.0000849623029353097081184
-0.0000839674394228495657444
-0.0000829834461910650134087
-0.0000820149653009139001369
-0.0000810597775853238999844
-0.0000801167843746952712536
-0.0000791912170825526118279
-0.0000782756469561718404293
-0.0000773718493292108178139
-0.0000764810465625487267971
-0.0000756038280087523162365
-0.0000747368176234886050224
-0.0000738823509891517460346
-0.0000730404935893602669239
-0.0000722078184480778872967
-0.0000713884219294413924217
-0.0000705811689840629696846
-0.0000697838331689126789570
-0.0000689964363118633627892
-0.0000682190438965335488319
-0.0000674545517540536820889
-0.0000667001368128694593906
-0.0000659529468975961208344
-0.0000652182206977158784866
-0.0000644913743599317967892
-0.0000637770790490321815014
-0.0000630707436357624828815
-0.0000623735541012138128281
-0.0000616867109783925116062
-0.0000610067945672199130058
-0.0000603367152507416903973
-0.0000596759309701155871153
-0.0000590244744671508669853
-0.0000583806504437234252691
-0.0000577445061935577541590
-0.0000571183627471327781677
-0.0000564988004043698310852
-0.0000558887149963993579149
-0.0000552841484022792428732
-0.0000546896953892428427935
-0.0000541019471711479127407
-0.0000535217877768445760012
-0.0000529501230630557984114
-0.0000523858216183725744486
-0.0000518266097060404717922
-0.0000512756778334733098745
-0.0000507327604282181710005
-0.0000501955946674570441246
-0.0000496653483423870056868
-0.0000491420505568385124207
-0.0000486245735373813658953
-0.0000481138049508444964886
-0.0000476109125884249806404
-0.0000471124840260017663240
-0.0000466222663817461580038
-0.0000461362687929067760706
-0.0000456570815003942698240
-0.0000451847517979331314564
-0.0000447164056822657585144
-0.0000442552409367635846138
-0.0000437998387496918439865
-0.0000433496315963566303253
-0.0000429035062552429735661
-0.0000424660720454994589090
-0.0000420318938267882913351
-0.0000416035763919353485107
-0.0000411802648159209638834
-0.0000407617044402286410332
-0.0000403484846174251288176
-0.0000399406198994256556034
-0.0000395372735511045902967
-0.0000391393114114180207253
-0.0000387459040211979299784
-0.0000383567639801185578108
-0.0000379742268705740571022
-0.0000375936979253310710192
-0.0000372186441381927579641
-0.0000368485125363804399967
-0.0000364830120815895497799
-0.0000361204547516535967588
-0.0000357648714270908385515
-0.0000354105322912801057100
-0.0000350614645867608487606
-0.0000347168352163862437010
-0.0000343763604178093373775
-0.0000340389087796211242676
-0.0000337073688569944351912
-0.0000333780153596308082342
-0.0000330528746417257934809
